36.64 80.46
28.39 64.68
33.08 46.85
30.58 45.07
36.04 43.35
28.27 47.84
32.36 53.55
30.45 53.10
36.82 97.34
34.36 78.82
34.36 41.26
29.24 49.85
35.88 93.82
36.88 51.93
29.73 55.12
34.38 53.20
31.10 82.73
39.94 88.82
37.18 64.67
39.24 82.48
31.10 55.73
29.64 67.92
29.28 92.26
26.94 91.30
29.20 82.34
32.41 80.21
30.49 53.85
38.17 68.45
31.42 96.74
27.40 44.59
27.11 67.34
33.24 47.26
36.42 45.78
27.82 78.38
26.85 47.54
36.19 49.03
27.29 42.70
30.12 91.63
39.11 63.86
27.67 54.62
36.90 71.89
38.91 93.80
31.35 55.37
39.49 74.93
32.60 45.34
32.91 73.84
38.85 98.53
31.22 86.78
29.10 47.05
34.30 92.48
28.73 57.83
30.07 89.67
30.16 84.85
36.73 99.51
33.51 84.22
32.32 95.09
31.18 62.13
36.38 69.50
31.81 53.39
34.91 63.75
27.47 61.48
36.69 90.88
34.34 70.01
37.23 67.73
31.13 77.35
37.20 75.34
27.04 83.70
34.15 84.38
38.71 40.78
39.01 84.85
31.28 77.92
27.22 57.50
39.75 62.57
26.82 57.62
32.69 99.73
38.87 71.02
33.11 82.94
32.48 57.08
29.55 93.83
35.25 41.48
38.30 57.54
30.47 59.62
37.11 79.33
36.57 53.71
30.93 90.54
37.24 68.00
39.23 89.09
32.10 85.65
29.33 40.24
30.84 83.59
38.54 53.42
37.51 42.29
33.12 41.49
33.99 69.98
38.01 62.94
34.26 88.56
33.77 98.75
30.48 61.97
33.33 86.98
34.25 62.36
32.59 70.50
30.88 79.37
37.98 79.09
34.71 57.62
37.38 71.55
27.48 64.34
33.53 90.33
36.37 84.44
33.42 59.06
32.09 74.52
37.93 82.25
36.19 91.15
31.88 95.57
28.90 97.22
27.37 70.97
33.21 64.64
38.74 92.76
36.90 64.74
29.23 42.46
30.47 56.15
39.42 78.61
32.48 47.18
32.43 47.80
39.32 70.37
27.79 62.52
29.18 41.78
28.73 63.50
35.01 81.35
32.60 79.98
32.97 55.43
37.76 88.46
28.15 50.60
37.22 99.96
33.79 47.89
27.37 64.31
29.56 65.67
27.89 55.24
34.52 49.99
37.20 96.66
39.50 72.03
37.98 64.92
28.73 51.99
34.17 76.11
29.23 64.03
34.41 56.54
32.81 84.11
37.51 40.36
27.50 98.73
37.46 99.11
28.60 44.94
36.80 72.81
31.68 75.97
27.94 67.13
30.62 63.48
28.76 78.07
30.38 70.48
34.46 55.10
29.84 86.99
33.36 66.91
35.81 79.17
29.64 58.39
36.38 41.73
33.26 41.98
39.99 62.96
32.60 74.50
36.74 83.38
37.18 77.01
37.99 96.08
39.14 94.75
32.76 71.05
39.05 45.97
33.50 66.22
32.69 58.46
37.89 84.33
34.60 61.96
34.94 97.16
34.15 75.03
39.34 62.53
29.08 86.64
33.64 64.19
39.20 86.30
35.31 64.69
26.77 59.76
31.81 53.96
31.78 40.89
29.93 72.99
39.89 72.66
31.80 98.04
31.33 55.00
38.86 42.25
36.47 65.98
30.65 40.72
37.45 97.60
36.39 46.61
29.15 47.20
38.76 80.27
30.51 52.21
28.30 51.85
38.83 58.22
34.76 44.69
34.47 85.22
27.26 57.60
27.31 78.52
29.45 64.52
34.98 88.03
35.51 58.53
38.30 70.21
28.60 82.97
26.88 55.56
32.28 57.52
28.42 76.12
27.33 87.65
37.94 68.91
31.17 59.31
28.51 73.61
28.37 71.77
32.38 92.58
28.53 47.33
28.51 72.97
34.63 86.62
28.80 88.46
38.09 49.56
29.88 67.69
33.84 85.83
32.02 62.08
29.40 92.02
28.17 51.57
35.03 75.35
28.38 68.70
27.85 73.62
35.47 85.04
34.24 92.90
30.48 85.98
32.84 52.34
37.30 45.23
32.65 72.11
30.92 98.70
32.22 50.86
29.71 41.39
39.64 46.59
37.29 63.08
27.50 44.13
39.22 68.03
29.46 49.12
36.36 83.74
33.28 49.17
37.45 48.07
29.06 65.31
31.78 64.58
29.35 72.09
27.25 54.86
30.41 91.13
35.03 41.37
31.20 50.12
29.88 91.03
26.73 71.47
30.39 76.16
36.07 99.54
30.00 69.18
29.30 94.95
30.54 86.75
27.68 97.17
33.48 93.01
37.54 42.27
33.35 44.36
28.43 53.35
35.00 74.46
28.36 49.30
30.60 48.91
34.87 86.84
33.53 64.45
36.84 48.88
39.00 41.56
28.98 87.63
30.00 42.02
28.47 64.72
38.68 43.79
27.02 89.73
35.89 87.34
33.53 52.12
34.42 95.87
27.13 60.23
39.81 74.75
31.57 50.06
29.13 51.57
30.99 82.27
39.49 66.36
32.82 97.19
34.83 56.07
28.20 70.36
33.88 65.95
35.16 40.03
32.69 56.97
28.79 46.80
32.06 53.52
39.40 94.30
31.10 63.10
38.19 65.21
39.31 69.02
28.30 44.04
33.06 53.54
32.52 43.25
36.61 86.67
28.88 41.07
28.33 43.19
36.59 64.28
32.94 81.37
33.02 63.92
30.06 53.91
31.92 46.27
35.43 97.28
33.27 68.45
34.25 99.21
31.06 87.74
27.16 92.41
32.14 80.73
33.60 56.61
32.82 96.88
30.40 98.28
33.90 46.10
34.58 99.56
39.15 78.62
38.47 55.76
30.41 61.15
28.32 94.44
31.17 69.98
36.00 51.04
38.64 95.56
27.36 90.31
30.60 70.41
36.63 92.34
38.20 59.42
38.09 65.52
27.13 93.83
37.59 79.81
27.09 47.32
34.16 55.55
34.08 82.89
38.45 41.59
28.83 88.95
29.43 81.16
31.37 66.80
32.04 40.48
33.77 56.68
33.79 58.43
33.48 82.45
32.99 94.16
26.95 49.38
38.41 89.93
32.87 47.00
37.21 48.04
34.95 86.42
39.27 73.65
32.57 91.50
36.07 42.90
28.78 54.52
31.57 62.80
34.33 76.28
31.73 58.39
33.52 49.53
28.83 79.14
28.74 59.18
27.54 82.22
33.87 66.33
37.43 94.43
39.51 77.70
32.74 80.89
36.87 95.51
32.47 81.94
30.46 93.22
39.52 52.51
32.19 55.09
31.23 80.05
36.62 94.19
30.29 90.54
37.87 79.01
35.24 89.19
34.48 74.06
34.32 45.38
33.98 87.82
31.53 62.49
27.59 85.20
29.02 41.49
39.72 71.79
32.93 54.28
32.37 56.15
34.47 71.77
39.28 77.92
38.63 57.04
33.77 84.09
27.16 83.07
35.84 96.16
39.82 76.75
31.94 76.06
35.54 83.52
39.94 70.56
31.52 58.56
26.77 90.47
27.90 80.89
27.07 80.79
28.00 73.16
36.58 53.78
31.07 46.96
38.09 86.36
33.29 59.52
32.10 89.35
28.78 96.65
34.14 92.05
28.75 51.42
28.08 53.70
30.91 75.95
35.32 96.93
38.25 62.58
38.47 48.16
36.91 64.17
30.00 69.16
29.77 82.57
29.92 78.86
39.18 44.37
29.29 83.59
27.19 62.83
35.79 41.94
37.44 87.59
33.22 55.77
32.12 66.43
26.99 69.98
33.96 86.50
32.46 80.68
34.81 76.41
33.37 43.31
33.98 50.66
37.58 78.69
37.65 94.24
36.43 41.76
35.26 99.47
33.79 97.61
35.46 85.72
33.73 62.78
29.81 88.19
36.90 62.69
35.13 81.78
31.50 91.86
26.90 55.81
36.16 62.13
38.30 59.30
37.45 85.85
30.61 90.70
34.89 76.53
27.82 82.69
36.34 97.10
26.78 78.90
27.56 50.25
35.49 87.44
28.95 96.00
35.29 92.53
34.27 49.83
33.69 69.32
37.73 97.12
37.30 54.84
29.76 77.19
39.14 73.45
30.82 97.68
28.38 67.53
27.73 99.89
35.68 40.81
31.83 47.01
29.71 84.13
31.56 87.99
28.35 70.93
28.43 54.64
36.35 57.07
29.71 84.54
32.97 91.15
37.17 40.83
30.14 76.09
26.86 76.23
36.44 71.14
28.58 70.90
37.48 56.70
33.13 92.95
32.11 42.36
37.95 49.51
28.62 44.46
26.72 57.43
33.53 42.45
28.16 68.96
36.74 55.62
38.96 61.84
35.32 76.58
27.70 94.63
38.14 62.24
27.00 40.67
27.93 56.08
37.56 67.47
29.44 51.02
27.57 46.61
31.54 61.48
26.84 83.79
26.92 95.91
31.31 57.51
33.22 77.94
37.46 65.14
38.29 84.37
36.32 72.74
32.20 54.90
36.33 70.13
31.96 84.47
36.46 91.76
27.94 87.21
38.11 60.58
32.43 49.37
35.30 71.23
32.23 71.08
31.60 99.69
29.80 80.67
32.44 88.60
27.62 64.93
39.44 90.35
34.60 70.20
29.58 64.86
33.09 59.79
28.54 69.45
28.91 77.32
36.51 94.55
27.29 66.05
28.42 68.09
39.97 85.03
34.82 86.39
29.15 82.38
28.23 82.79
34.69 84.37
32.77 42.94
38.56 59.45
35.89 90.34
30.13 82.56
33.89 47.85
32.86 55.99
36.25 84.42
39.72 40.47
27.61 85.25
34.73 74.29
35.80 79.31
34.23 57.80
38.80 45.00
28.62 87.07
37.35 80.44
35.08 62.19
38.39 55.11
29.01 93.63
39.38 72.19
28.53 44.48
28.73 65.43
28.62 95.70
31.38 77.37
39.28 98.40
34.89 70.64
27.32 59.06
29.76 51.92
32.35 85.52
38.79 79.72
36.36 61.45
37.34 43.91
32.40 40.00
27.45 75.42
31.36 94.33
33.45 62.34
30.38 92.41
29.00 70.68
28.23 54.44
31.20 91.37
31.63 46.89
29.24 61.98
39.70 51.57
29.41 60.61
39.81 50.31
31.54 41.74
27.89 46.68
38.37 85.11
28.30 89.98
37.37 63.37
30.74 46.24
38.64 74.16
31.21 61.34
26.94 42.69
36.95 78.78
39.97 68.07
35.57 53.10
34.05 53.87
32.57 51.93
27.21 40.34
32.63 73.73
30.68 74.12
39.86 84.95
30.57 67.96
34.22 54.63
29.63 91.22
28.99 85.62
34.62 50.94
28.00 41.99
36.18 49.96
37.96 67.64
31.52 62.89
32.83 66.84
34.27 95.38
33.72 73.41
28.68 94.67
34.70 82.32
36.36 76.19
37.20 78.11
27.98 95.32
37.01 67.08
26.78 78.72
30.94 96.51
27.06 80.82
34.69 62.19
29.60 66.74
28.13 66.39
35.33 42.76
37.40 55.03
33.99 41.18
28.33 96.56
38.04 91.19
26.94 91.12
36.69 60.67
28.79 82.31
34.41 43.27
28.62 57.82
34.36 43.88
28.92 45.51
29.78 57.67
31.76 61.90
36.44 82.97
28.64 98.43
38.27 91.99
33.34 63.67
33.16 72.98
28.23 53.17
35.99 45.29
37.24 98.00
28.43 62.32
27.36 83.64
27.83 99.43
31.04 41.09
36.27 70.91
30.60 64.84
27.00 58.96
34.83 93.71
31.54 93.11
30.60 96.01
37.11 79.95
37.39 53.92
37.29 46.66
29.94 55.11
30.18 44.36
27.90 40.96
31.64 55.15
28.79 98.35
38.42 65.09
35.13 83.07
26.89 98.23
30.43 82.11
32.81 98.28
39.84 61.39
34.55 50.40
29.66 54.02
34.51 97.07
27.52 92.28
28.94 79.00
33.79 57.11
32.32 61.66
31.04 58.89
32.26 97.85
29.98 58.80
27.24 61.50
35.37 97.11
28.81 86.61
31.53 41.23
27.72 56.44
33.44 67.44
39.43 61.63
31.61 55.11
27.54 87.94
32.90 51.93
28.71 84.73
35.03 84.98
32.38 70.68
35.50 74.89
30.13 49.45
27.49 41.35
27.73 50.81
30.21 82.34
38.22 78.31
32.14 72.40
37.04 41.52
39.56 89.47
29.51 70.91
33.88 79.80
38.64 89.66
28.70 96.72
30.11 97.86
32.53 50.80
36.16 65.15
32.73 93.39
36.15 63.52
36.32 44.00
39.65 99.31
35.30 69.83
30.97 89.86
38.85 52.33
37.61 52.75
26.99 74.26
27.98 50.37
36.38 69.74
31.95 74.92
38.82 62.18
31.04 64.17
32.22 47.67
32.40 87.90
29.95 67.71
35.51 68.46
30.19 82.82
28.06 67.91
39.34 73.65
39.88 70.26
33.52 88.60
36.02 86.29
30.49 56.30
36.73 74.72
39.39 67.61
31.95 53.58
28.09 43.80
29.39 78.09
28.10 84.45
29.49 82.20
37.87 76.08
31.52 80.59
35.64 92.71
30.50 63.91
27.71 48.46
38.30 69.72
39.51 83.73
35.12 99.92
31.60 73.87
29.47 66.95
33.43 42.85
34.53 41.96
39.10 68.19
39.95 71.10
33.00 93.22
35.86 62.44
35.34 45.63
34.44 94.35
32.44 48.60
33.65 95.34
33.36 64.13
31.85 66.24
29.31 47.51
34.22 41.98
26.99 82.76
32.31 48.51
37.18 88.40
34.31 83.39
33.38 84.91
36.82 82.01
38.27 88.45
35.93 68.53
38.37 81.72
29.20 95.20
28.83 95.75
32.97 49.72
28.39 76.11
36.76 87.17
38.18 41.94
37.31 83.93
28.75 69.13
33.32 67.08
33.52 90.24
32.15 45.55
36.84 58.59
31.23 61.28
30.01 72.10
28.21 72.40
33.05 41.50
28.30 54.27
28.17 64.41
39.50 50.26
32.40 65.23
36.66 51.32
30.57 97.94
27.51 66.10
28.35 45.64
31.57 40.90
32.84 83.41
37.65 82.39
39.45 91.63
34.05 64.00
33.91 45.07
34.22 96.63
29.40 92.69
31.84 84.68
38.97 85.93
37.85 98.38
35.76 73.29
27.67 52.25
31.40 94.90
27.16 54.43
38.26 92.11
31.39 54.25
34.16 54.82
34.48 80.28
34.00 51.78
35.80 57.98
34.84 66.96
35.01 53.22
38.24 62.05
33.02 75.62
30.67 60.68
31.14 52.68
30.90 40.76
34.78 45.40
33.90 84.90
26.91 56.51
34.83 68.55
27.88 54.12
35.13 73.34
32.64 58.68
33.72 80.17
38.67 62.52
37.64 88.76
35.63 41.65
27.42 72.07
34.91 82.79
32.27 42.06
37.29 51.15
27.37 88.64
29.75 76.82
27.99 85.78
31.08 87.66
31.91 63.75
38.80 91.24
35.43 68.25
35.28 50.11
38.62 66.72
33.34 52.94
37.92 55.60
32.47 52.80
31.91 94.26
31.61 44.91
39.39 92.42
36.10 85.13
34.53 45.43
31.00 59.74
38.54 82.69
37.58 74.80
30.71 44.89
36.32 66.41
35.81 78.38
30.90 56.91
26.96 86.98
34.01 57.87
32.88 42.51
32.51 44.62
36.33 74.60
28.98 89.43
31.90 53.45
34.81 57.95
32.13 67.53
33.39 87.64
30.19 63.39
35.39 47.18
36.17 48.26
30.82 70.07
30.36 54.62
30.27 92.96
30.55 56.81
33.31 61.73
31.16 52.47
27.74 53.27
33.93 53.01
33.95 52.12
29.32 63.38
32.77 95.16
35.03 88.03
35.01 66.26
34.61 88.39
37.65 88.52
26.92 65.73
36.76 52.31
36.00 95.77
27.97 75.35
37.73 80.71
28.75 62.68
34.82 76.52
27.45 87.00
39.10 79.32
31.94 87.61
30.56 52.32
29.06 67.47
30.57 49.48
27.46 71.94
33.72 92.73
37.73 96.76
28.47 95.66
33.29 90.83
35.45 76.73
39.09 75.24
28.63 62.89
37.21 59.61
29.97 49.68
28.17 77.31
26.89 86.71
33.59 84.03
31.43 78.09
34.72 60.07
28.75 67.10
36.92 42.37
30.60 84.15
27.41 93.40
39.66 80.43
39.62 65.08
33.72 69.60
31.46 70.13
33.53 69.08
36.96 52.77
28.80 84.25
32.15 52.25
39.97 61.78
28.38 42.01
39.14 42.01
33.91 82.00
34.20 90.07
34.60 79.80
32.73 76.36
31.47 98.59
35.90 94.92
30.62 98.53
28.61 98.74
29.25 90.36
37.70 46.77
26.82 87.70
27.64 68.11
29.35 79.31
30.49 78.65
34.80 85.00
39.27 68.89
29.52 43.28
28.36 84.20
29.86 91.21
38.13 47.89
29.20 92.34
29.29 74.37
29.89 66.74
30.63 62.40
34.59 61.01
27.75 55.36
29.56 41.61
35.92 68.19
32.28 84.49
28.81 67.61
37.28 89.30
26.71 96.08
33.73 63.59
30.04 96.88
38.43 41.34
31.30 58.07
32.93 51.00
29.10 55.22
31.11 91.55
37.69 95.44
36.88 69.24
29.47 48.97
39.25 71.87
29.00 94.87
27.32 80.33
38.62 79.29
28.56 43.78
28.68 45.24
30.69 74.04
31.20 45.44
35.16 40.01
34.33 73.71
27.67 60.36
34.86 64.87
29.70 57.00
29.33 57.01
34.52 86.61
26.95 41.80
30.42 54.85
30.44 42.03
28.72 78.17
31.97 83.72
33.27 76.27
27.66 64.73
33.94 88.00
28.77 92.30
27.49 59.44
35.48 87.67
39.99 55.91
34.03 40.88
36.35 58.23
