Temp,Hum,Output,Time_us
97.95,80.46,148.38054,3.21
83.10,64.68,87.19594,2.04
91.54,46.85,96.02844,1.17
87.04,45.07,87.99782,0.58
96.87,43.35,104.82140,0.58
82.89,47.84,83.39594,0.58
90.25,53.55,96.77779,0.58
86.81,53.10,90.13264,0.58
98.28,97.34,178.03696,0.58
93.85,78.82,127.43131,0.58
93.85,41.26,97.52834,0.58
84.63,49.85,85.92350,0.58
96.58,93.82,161.26347,0.58
98.38,51.93,115.59750,0.58
85.51,55.12,88.63055,0.58
93.88,53.20,104.76912,0.58
87.98,82.73,107.99321,0.58
103.89,88.82,198.69571,0.58
98.92,64.67,131.26440,0.58
102.63,82.48,177.37579,0.58
87.98,55.73,93.23952,0.58
85.35,67.92,92.70661,0.58
84.70,92.26,101.63231,0.58
80.49,91.30,87.25354,0.58
84.56,82.34,96.53447,0.58
90.34,80.21,114.76192,0.58
86.88,53.85,90.51412,0.58
100.71,68.45,143.61139,0.58
88.56,96.74,121.16415,0.58
81.32,44.59,81.39614,0.88
80.80,67.34,83.86185,0.58
91.83,47.26,96.77760,0.58
97.56,45.78,108.16101,0.58
82.08,78.38,88.56407,0.58
80.33,47.54,80.85265,0.58
97.14,49.03,109.72754,0.58
81.12,42.70,81.02061,0.58
86.22,91.63,107.11516,0.58
102.40,63.86,144.02898,0.58
81.81,54.62,83.25569,0.58
98.42,71.89,138.52638,0.58
102.04,93.80,196.83000,0.58
88.43,55.37,93.96252,0.88
103.08,74.93,165.62468,0.88
90.68,45.34,93.78480,0.58
91.24,73.84,112.76511,0.58
101.93,98.53,206.47678,0.58
88.20,86.78,111.65530,0.58
84.38,47.05,84.98653,0.88
93.74,92.48,143.10498,0.58
83.71,57.83,86.51186,0.58
86.13,89.67,105.57800,0.58
86.29,84.85,103.35915,0.58
98.11,99.51,180.92212,0.88
92.32,84.22,126.57813,0.58
90.18,95.09,127.58492,0.58
88.12,62.13,96.42854,0.58
97.48,69.50,131.58446,0.58
89.26,53.39,94.70685,0.58
94.84,63.75,115.94592,0.58
81.45,61.48,83.89809,0.58
98.04,90.88,165.24269,0.58
93.81,70.01,118.34232,0.88
99.01,67.73,135.50821,0.58
88.03,77.35,104.66648,0.58
98.96,75.34,145.77757,0.58
80.67,83.70,86.34801,0.58
93.47,84.38,131.94693,0.58
101.68,40.78,113.84795,0.58
102.22,84.85,179.53766,0.58
88.30,77.92,105.90662,0.58
81.00,57.50,82.70154,0.58
103.55,62.57,146.88971,0.58
80.28,57.62,81.86868,0.58
90.84,99.73,135.95630,0.58
101.97,71.02,153.30211,0.58
91.60,82.94,122.20683,0.58
90.46,57.08,99.11863,0.58
85.19,93.83,104.33125,0.58
95.45,41.48,100.68272,0.58
100.94,57.54,129.78654,0.58
86.85,59.62,92.60151,0.58
98.80,79.33,150.92810,0.58
97.83,53.71,115.68194,0.88
87.67,90.54,112.29395,0.58
99.03,68.00,135.93494,0.58
102.61,89.09,190.70523,0.58
89.78,85.65,117.12296,0.88
84.79,40.24,84.14877,0.58
87.51,83.59,106.89113,0.58
101.37,53.42,126.25359,0.58
99.52,42.29,110.00504,0.58
91.62,41.49,93.75391,0.58
93.18,69.98,116.12457,0.58
100.42,62.94,134.77708,0.58
93.67,88.56,137.82388,0.58
92.79,98.75,145.82542,0.58
86.86,61.97,93.59576,0.58
91.99,86.98,127.99981,0.58
93.65,62.36,111.06485,0.88
90.66,70.50,108.29733,0.58
87.58,79.37,104.46709,1.46
100.36,79.09,158.58392,1.75
94.48,57.62,109.60637,0.58
99.28,71.55,141.82956,0.58
81.46,64.34,84.41204,0.58
92.35,90.33,133.35580,0.58
97.47,84.44,151.78397,0.58
92.16,59.06,104.45145,1.17
89.76,74.52,108.34551,0.58
100.27,82.25,163.43932,0.58
97.14,91.15,160.34367,0.58
89.38,95.57,124.13902,0.58
84.02,97.22,101.40092,0.58
81.27,70.97,85.27101,0.58
91.78,64.64,107.35120,0.58
101.73,92.76,192.49300,0.88
98.42,64.74,129.44804,0.58
84.61,42.46,84.35597,0.58
86.85,56.15,91.27503,0.58
102.96,78.61,171.78470,0.58
90.46,47.18,94.19664,0.58
90.37,47.80,94.30658,0.88
102.78,70.37,156.08980,0.58
82.02,62.52,84.93572,0.58
84.52,41.78,84.13318,0.58
83.71,63.50,87.97633,0.58
95.02,81.35,135.50113,0.58
90.68,79.98,115.86333,0.58
91.35,55.43,100.19094,0.58
99.97,88.46,172.65694,0.58
82.67,50.60,83.61682,0.58
99.00,99.96,187.97200,0.58
92.82,47.89,99.07748,0.58
81.27,64.31,84.10405,0.88
85.21,65.67,91.55901,0.58
82.20,55.24,83.84963,0.58
94.14,49.99,103.19694,0.58
98.96,96.66,181.38432,0.58
103.10,72.03,160.53113,0.58
100.36,64.92,137.21219,0.58
83.71,51.99,85.18025,0.58
93.51,76.11,123.19186,0.58
84.61,64.03,89.80794,0.58
93.94,56.54,107.31203,0.58
91.06,84.11,121.05314,0.58
99.52,40.36,108.46030,0.58
81.50,98.73,92.27450,0.58
99.43,99.11,189.37508,0.58
83.48,44.94,83.55711,0.58
98.24,72.81,138.97911,0.58
89.02,75.97,106.95689,0.58
82.29,67.13,86.33842,0.88
87.12,63.48,94.79173,1.46
83.77,78.07,92.65488,0.88
86.68,70.48,96.99604,0.58
94.03,55.10,106.48168,0.58
85.71,86.99,102.53966,0.88
92.05,66.91,109.86697,0.58
96.46,79.17,139.39615,0.58
85.35,58.39,89.36784,0.58
97.48,41.73,105.01988,0.58
91.87,41.98,94.38261,0.58
103.98,62.96,149.35037,0.58
90.68,74.50,111.38731,0.58
98.13,83.38,153.69318,0.58
98.92,77.01,148.06146,0.58
100.38,96.08,190.01497,0.58
102.45,94.75,201.85640,0.58
90.97,71.05,109.67381,0.58
102.29,45.97,120.62009,0.58
92.30,66.22,110.09787,0.58
90.84,58.46,100.79665,0.58
100.20,84.33,166.64973,0.58
94.28,61.96,112.61845,0.58
94.89,97.16,156.13889,0.58
93.47,75.03,121.96420,0.58
102.81,62.53,143.75087,0.88
84.34,86.64,97.72816,0.58
92.55,64.19,109.27045,0.58
102.56,86.30,184.56776,0.58
95.56,64.69,119.21243,0.58
80.19,59.76,82.00686,0.58
89.26,53.96,94.96704,0.58
89.20,40.89,89.81357,0.58
85.87,72.99,96.07537,0.88
103.80,72.66,165.22453,0.58
89.24,98.04,125.72282,0.58
88.39,55.00,93.73247,0.58
101.95,42.25,115.90422,0.58
97.65,65.98,128.01802,0.58
87.17,40.72,87.01868,0.58
99.41,97.60,186.27455,0.58
97.50,46.61,108.68066,0.58
84.47,47.20,85.12837,0.58
101.77,80.27,168.23145,0.58
86.92,52.21,90.01184,0.58
82.94,51.85,84.16399,0.58
101.89,58.22,134.07889,0.58
94.57,44.69,100.81101,0.58
94.05,85.22,135.63377,0.58
81.07,57.60,82.80355,2.04
81.16,78.52,86.49783,1.17
85.01,64.52,90.74950,0.58
94.96,88.03,143.76048,0.58
95.92,58.53,114.52751,0.58
100.94,70.21,147.27187,0.58
83.48,82.97,93.61761,0.88
80.38,55.56,81.75438,0.58
90.10,57.52,98.54366,0.58
83.16,76.12,90.48995,0.58
81.19,87.65,88.51578,0.58
100.29,68.91,142.48228,0.58
88.11,59.31,95.05889,0.58
83.32,73.61,90.10022,0.58
83.07,71.77,89.01003,0.58
90.28,92.58,125.65088,0.58
83.35,47.33,83.83214,0.58
83.32,72.97,89.90681,0.58
94.33,86.62,138.74963,0.58
83.84,88.46,96.84917,0.58
100.56,49.56,119.48374,0.58
85.78,67.69,93.58895,0.58
92.91,85.83,130.99545,0.58
89.64,62.08,99.97814,0.58
84.92,92.02,102.32202,0.58
82.71,51.57,83.82826,0.58
95.05,75.35,128.60614,0.58
83.08,68.70,88.20402,0.58
82.13,73.62,87.51894,0.88
95.85,85.04,144.26341,0.88
93.63,92.90,143.06082,0.58
86.86,85.98,106.07590,0.88
91.11,52.34,97.95400,1.46
99.14,45.23,111.56075,0.58
90.77,72.11,109.84210,0.58
87.66,98.70,118.44347,0.58
90.00,50.86,94.98050,0.58
85.48,41.39,85.12381,0.58
103.35,46.59,124.37860,0.58
99.12,63.08,130.05443,0.58
81.50,44.13,81.50147,0.58
102.60,68.03,151.38678,0.58
85.03,49.12,86.28297,0.58
97.45,83.74,150.64668,0.58
91.90,49.17,97.90369,0.58
99.41,48.07,114.80172,0.58
84.31,65.31,89.61773,0.58
89.20,64.58,100.32471,0.58
84.83,72.09,93.09790,0.58
81.05,54.86,82.40578,0.58
86.74,91.13,108.88251,0.58
95.05,41.37,99.84894,0.58
88.16,50.12,91.35812,0.58
85.78,91.03,105.06895,0.58
80.11,71.47,83.32428,0.58
86.70,76.16,99.90505,0.58
96.93,99.54,172.89622,0.58
86.00,69.18,94.71416,0.58
84.74,94.95,103.14660,0.58
86.97,86.75,106.95755,0.58
81.82,97.17,93.00392,0.58
92.26,93.01,135.95700,0.58
99.57,42.27,110.11522,0.88
92.03,44.36,95.73907,0.58
83.17,53.35,84.75111,0.58
95.00,74.46,127.39165,0.58
83.05,49.30,83.83043,0.58
87.08,48.91,89.19441,0.58
94.77,86.84,141.18871,0.58
92.35,64.45,108.88687,0.58
98.31,48.88,112.61739,0.88
102.20,41.56,115.87415,0.58
84.16,87.63,97.56918,0.58
86.00,42.02,85.87359,0.58
83.25,64.72,87.46222,0.58
101.62,43.79,116.57048,0.58
80.64,89.73,87.37448,0.58
96.60,87.34,151.47180,0.58
92.35,52.12,100.51337,0.58
93.96,95.87,148.78732,0.58
80.83,60.23,82.87631,0.58
103.66,74.75,168.34418,0.58
88.83,50.06,92.48721,0.58
84.43,51.57,86.05738,0.58
87.78,82.27,106.98441,0.58
103.08,66.36,150.88730,0.58
91.08,97.19,134.42464,0.58
94.69,56.07,108.96878,0.88
82.76,70.36,87.99832,0.58
92.98,65.95,111.99255,0.58
95.29,40.03,99.54429,0.58
90.84,56.97,99.92435,0.58
83.82,46.80,84.27232,0.58
89.71,53.52,95.66058,0.58
102.92,94.30,204.22523,0.58
87.98,63.10,96.57080,0.58
100.74,65.21,139.13959,0.58
102.76,69.02,153.75191,0.58
82.94,44.04,82.85062,0.58
91.51,53.54,99.46632,0.58
90.54,43.25,92.68884,1.17
97.90,86.67,157.55627,0.58
83.98,41.07,83.44432,0.58
82.99,43.19,82.77742,0.58
97.86,64.28,126.84920,0.58
91.29,81.37,119.48055,1.46
91.44,63.92,105.86607,0.58
86.11,53.91,89.22959,2.04
89.46,46.27,92.08229,0.58
95.77,97.28,161.74135,0.88
91.89,68.45,110.57112,0.58
93.65,99.21,151.55551,0.58
87.91,87.74,111.21723,0.58
80.89,92.41,88.66296,0.58
89.85,80.73,113.36256,0.58
92.48,56.61,103.62879,0.58
91.08,96.88,134.08438,0.88
86.72,98.28,113.69847,0.58
93.02,46.10,98.49330,0.58
94.24,99.56,155.67448,0.58
102.47,78.62,169.09987,0.58
101.25,55.76,128.64929,0.58
86.74,61.15,92.99652,0.58
82.98,94.44,96.23496,0.58
88.11,69.98,100.49471,0.58
96.80,51.04,110.49767,0.58
101.55,95.56,197.17670,0.88
81.25,90.31,89.28263,0.58
87.08,70.41,97.98528,0.58
97.93,92.34,167.04720,0.58
100.76,59.42,131.50378,0.58
100.56,65.52,138.83556,0.58
80.83,93.83,88.79842,0.88
99.66,79.81,156.09525,0.58
80.76,47.32,81.20707,0.58
93.49,55.55,105.42916,0.58
93.34,82.89,129.70447,0.58
101.21,41.59,113.44756,0.58
83.89,88.95,97.23339,0.58
84.97,81.16,97.25377,0.58
88.47,66.80,99.67966,0.58
89.67,40.48,90.35875,0.58
92.79,56.68,104.44063,0.58
92.82,58.43,105.74997,0.58
92.26,82.45,124.53339,0.58
91.38,94.16,132.70898,0.58
80.51,49.38,81.20010,0.58
101.14,89.93,182.77975,0.58
91.17,47.00,95.39455,0.58
98.98,48.04,113.62337,0.58
94.91,86.42,141.37086,0.58
102.69,73.65,161.28651,0.58
90.63,91.50,126.22144,0.58
96.93,42.90,104.62813,0.58
83.80,54.52,85.86256,0.88
88.83,62.80,98.40837,0.58
93.79,76.28,124.50906,0.58
89.11,58.39,96.79303,0.58
92.34,49.53,98.98631,0.58
83.89,79.14,93.37238,0.88
83.73,59.18,86.87399,0.58
81.57,82.22,88.27283,0.58
92.97,66.33,112.25157,0.58
99.37,94.43,179.94917,0.58
103.12,77.70,170.96259,0.58
90.93,80.89,117.62344,0.58
98.37,95.51,175.31609,0.58
90.45,81.94,116.63289,0.58
86.83,93.22,110.64839,0.88
103.14,52.51,130.96169,0.58
89.94,55.09,96.91477,0.88
88.21,80.05,107.01115,0.58
97.92,94.19,170.09860,0.58
86.52,90.54,107.64314,0.58
100.17,79.01,157.41753,0.88
95.43,89.19,147.81033,0.58
94.06,74.06,123.27145,0.58
93.78,45.38,99.60361,0.58
93.16,87.82,134.45474,0.58
88.75,62.49,98.07310,0.58
81.66,85.20,89.22556,0.58
84.24,41.49,83.77515,0.58
103.50,71.79,162.09143,0.88
91.27,54.28,99.36802,0.58
90.27,56.15,98.16678,0.58
94.05,71.77,120.89083,0.58
102.70,77.92,169.09161,0.58
101.53,57.04,131.24739,0.58
92.79,84.09,128.51897,0.58
80.89,83.07,86.75947,0.58
96.51,96.16,164.56898,0.58
103.68,76.75,172.23769,0.58
89.49,76.06,108.56078,0.88
95.97,83.52,142.83997,0.58
103.89,70.56,161.87164,0.58
88.74,58.56,96.05447,0.58
80.19,90.47,86.23200,0.58
82.22,80.89,89.56918,0.58
80.73,80.79,85.95310,0.58
82.40,73.16,87.97248,0.58
97.84,53.78,115.80010,2.04
87.93,46.96,89.87262,0.58
100.56,86.36,172.40231,0.58
91.92,59.52,104.15676,0.58
89.78,89.35,120.33460,0.88
83.80,96.65,100.27617,0.58
93.45,92.05,141.02101,0.58
83.75,51.42,85.10674,0.58
82.54,53.70,84.00922,0.58
87.64,75.95,102.57879,0.58
95.58,96.93,159.97168,0.58
100.85,62.58,135.96950,0.58
101.25,48.16,119.98740,0.58
98.44,64.17,128.83426,0.58
86.00,69.16,94.70560,0.58
85.59,82.57,99.80979,0.58
85.86,78.86,98.79376,0.58
102.52,44.37,119.56470,0.58
84.72,83.59,97.57738,0.58
80.94,62.83,83.39648,0.58
96.42,41.94,102.92461,0.58
99.39,87.59,167.65057,0.58
91.80,55.77,101.43927,0.58
89.82,66.43,103.05309,0.58
80.58,69.98,83.90671,0.58
93.13,86.50,132.76265,0.58
90.43,80.68,115.49483,0.58
94.66,76.41,128.16098,0.58
92.07,43.31,95.31618,0.58
93.16,50.66,101.43102,0.58
99.64,78.69,154.21338,0.58
99.77,94.24,182.21355,0.58
97.57,41.76,105.23412,0.58
95.47,99.47,163.23763,0.58
92.82,97.61,144.57455,0.58
95.83,85.72,145.09918,0.58
92.71,62.78,108.65803,0.58
85.66,88.19,103.00166,0.58
98.42,62.69,127.03076,0.58
95.23,81.78,137.03458,0.58
88.70,91.86,117.71288,0.58
80.42,55.81,81.82220,0.58
97.09,62.13,121.77119,0.88
100.94,59.30,132.00439,0.58
99.41,85.85,164.74860,0.58
87.10,90.70,110.04813,0.58
94.80,76.53,128.89301,0.88
82.08,82.69,89.68167,0.58
97.41,97.10,171.89355,0.58
80.20,78.90,84.50690,0.58
81.61,50.25,82.38579,0.58
95.88,87.44,147.76489,0.58
84.11,96.00,101.17850,0.58
95.52,92.53,153.06560,0.58
93.69,49.83,102.07740,0.58
92.64,69.32,113.72569,0.58
99.91,97.12,188.84071,0.58
99.14,54.84,120.74770,0.88
85.57,77.19,97.16422,1.46
102.45,73.45,159.75430,0.58
87.48,97.68,116.78038,0.58
83.08,67.53,87.89369,0.58
81.91,99.89,94.17275,0.58
96.22,40.81,101.81268,0.88
89.29,47.01,92.09646,0.58
85.48,84.13,100.24680,0.58
88.81,87.99,115.04263,0.58
83.03,70.93,88.70083,0.58
83.17,54.64,85.01358,0.88
97.43,57.07,117.73426,0.58
85.48,84.54,100.45451,0.58
91.35,91.15,129.31523,0.58
98.91,40.83,107.46232,0.58
86.25,76.09,98.57215,0.58
80.35,76.23,84.40841,0.58
97.59,71.14,134.05299,0.58
83.44,70.90,89.56199,0.58
99.46,56.70,123.79752,0.88
91.63,92.95,132.66835,0.58
89.80,42.36,91.18706,0.58
100.31,49.51,118.70642,0.58
83.52,44.46,83.51490,0.58
80.10,57.43,81.64520,0.58
92.35,42.45,95.42931,0.58
82.69,68.96,87.50178,0.58
98.13,55.62,118.44588,0.58
102.13,61.84,139.96764,0.58
95.58,76.58,132.22263,0.58
81.86,94.63,92.37948,0.58
100.65,62.24,134.75276,0.58
80.60,40.67,80.41431,0.58
82.27,56.08,84.09119,0.88
99.61,67.47,137.59048,0.58
84.99,51.02,86.70258,0.58
81.63,46.61,81.92025,0.58
88.77,61.48,97.59066,0.58
80.31,83.79,85.49001,0.88
80.46,95.91,88.00429,0.58
88.36,57.51,94.76678,0.58
91.80,77.94,118.32096,0.58
99.43,65.14,133.79950,1.46
100.92,84.37,170.88383,0.58
97.38,72.74,135.17061,1.46
89.96,54.90,96.85675,0.88
97.39,70.13,131.99236,0.58
89.53,84.47,115.12672,0.58
97.63,91.76,164.21970,0.58
82.29,87.21,91.55868,0.58
100.60,60.58,132.38963,0.58
90.37,49.37,95.01342,0.58
95.54,71.23,125.95911,0.58
90.01,71.08,106.70892,0.58
88.88,99.69,125.41521,0.58
85.64,80.67,99.03441,0.58
90.39,88.60,122.36280,0.58
81.72,64.93,84.91519,0.58
102.99,90.35,195.94714,0.58
94.28,70.20,120.19212,0.58
85.24,64.86,91.34325,0.58
91.56,59.79,103.40966,0.58
83.37,69.45,88.98859,0.58
84.04,77.32,93.08492,0.58
97.72,94.55,169.46767,0.58
81.12,66.05,84.16941,0.58
83.16,68.09,88.18092,0.88
103.95,85.03,190.72379,0.58
94.68,86.39,140.15965,0.58
84.47,82.38,96.28230,0.88
82.81,82.79,91.68928,0.58
94.44,84.37,136.49510,0.58
90.99,42.94,93.30601,0.58
101.41,59.45,133.91692,0.58
96.60,90.34,155.96136,0.88
86.23,82.56,101.89841,0.58
93.00,47.85,99.42515,0.58
91.15,55.99,100.06312,0.58
97.25,84.42,150.61832,0.58
103.50,40.47,118.07510,0.58
81.70,85.25,89.33585,0.58
94.51,74.29,125.26882,0.58
96.44,79.31,139.49597,0.88
93.61,57.80,107.39223,0.58
101.84,45.00,118.35867,1.17
83.52,87.07,95.24889,0.58
99.23,80.44,154.85629,0.58
95.14,62.19,115.48645,0.58
101.10,55.11,127.37604,0.58
84.22,93.63,100.47178,0.58
102.88,72.19,159.73326,0.58
83.35,44.48,83.34631,0.58
83.71,65.43,88.51339,0.58
83.52,95.70,98.74281,0.88
88.48,77.37,106.13531,0.58
102.70,98.40,212.05881,0.58
94.80,70.64,122.54211,0.58
81.18,59.06,83.15134,0.58
85.57,51.92,87.78429,0.58
90.23,85.52,118.87152,0.58
101.82,79.72,167.53224,0.58
97.45,61.45,122.26877,0.58
99.21,43.91,110.61905,0.88
90.32,40.00,91.15292,0.58
81.41,75.42,86.41545,0.58
88.45,94.33,118.61755,0.58
92.21,62.34,106.90041,0.88
86.68,92.41,109.50561,0.58
84.20,70.68,91.13734,0.58
82.81,54.44,84.49348,0.58
88.16,91.37,114.96561,0.58
88.93,46.89,91.45431,0.58
84.63,61.98,89.19891,0.58
103.46,51.57,130.83229,0.58
84.94,60.61,89.33060,0.58
103.66,50.31,129.86591,0.58
88.77,41.74,89.46012,0.58
82.20,46.68,82.49475,0.58
101.07,85.11,173.09676,0.58
82.94,89.98,94.47615,0.58
99.27,63.37,130.94714,0.58
87.33,46.24,88.75041,0.58
101.55,74.16,156.45717,0.58
88.18,61.34,96.16832,0.58
80.49,42.69,80.51893,0.58
98.51,78.78,148.66940,0.58
103.95,68.07,157.74231,0.58
96.03,53.10,110.15310,0.58
93.29,53.87,103.78452,0.88
90.63,51.93,96.73788,0.58
80.98,40.34,80.66826,0.58
90.73,73.73,110.96867,0.58
87.22,74.12,100.32042,0.58
103.75,84.95,189.28694,0.58
87.03,67.96,96.64729,0.58
93.60,54.63,105.05432,0.58
85.33,91.22,103.46018,0.58
84.18,85.62,96.76790,0.58
94.32,50.94,104.25067,0.58
82.40,41.99,82.04588,0.58
97.12,49.96,110.44439,0.88
100.33,67.64,140.82817,0.58
88.74,62.89,98.24053,1.75
91.09,66.84,106.95322,0.58
93.69,95.38,146.58989,0.58
92.70,73.41,117.52850,0.58
83.62,94.67,98.70922,0.58
94.46,82.32,134.10573,0.88
97.45,76.19,139.98949,0.58
98.96,78.11,149.88533,0.58
82.36,95.32,94.35445,0.88
98.62,67.08,133.08826,0.58
80.20,78.72,84.48092,0.58
87.69,96.51,116.87956,1.75
80.71,80.82,85.91734,0.58
94.44,62.19,113.30911,0.88
85.28,66.74,92.10335,0.58
82.63,66.39,86.77913,0.58
95.59,42.76,101.74017,0.58
99.32,55.03,121.51162,0.58
93.18,41.18,96.29341,0.58
82.99,96.56,97.11440,0.58
100.47,91.19,180.94121,0.58
80.49,91.12,87.22045,0.58
98.04,60.67,123.43870,0.58
83.82,82.31,94.35525,0.58
93.94,43.27,98.75188,0.58
83.52,57.82,86.20655,0.88
93.85,43.88,98.91013,0.58
84.06,45.51,84.29903,0.58
85.60,57.67,89.57909,0.58
89.17,61.90,98.74418,0.58
97.59,82.97,150.25241,0.58
83.55,98.43,100.07155,0.58
100.89,91.99,185.21834,0.58
92.01,63.67,107.31224,0.88
91.69,72.98,113.60037,0.58
82.81,53.17,84.25240,0.58
96.78,45.29,105.99384,0.58
99.03,98.00,184.42661,1.17
83.17,62.32,86.73804,0.58
81.25,83.64,87.77484,0.58
82.09,99.43,94.71635,0.58
87.87,41.09,88.02760,0.88
97.29,70.91,132.51062,0.58
87.08,64.84,95.32129,0.58
80.60,58.96,82.41252,0.58
94.69,93.71,150.03198,0.88
88.77,93.11,119.07935,0.58
87.08,96.01,113.70529,0.58
98.80,79.95,151.87480,0.58
99.30,53.92,120.28133,0.58
99.12,46.66,112.76254,0.58
85.89,55.11,89.25190,0.58
86.32,44.36,86.83429,0.58
82.22,40.96,81.75542,0.58
88.95,55.15,94.90146,0.58
83.82,98.35,101.13063,0.58
101.16,65.09,140.66896,0.58
95.23,83.07,138.65981,0.58
80.40,98.23,88.26473,0.58
86.77,82.11,103.43219,0.88
91.06,98.28,135.53262,0.58
103.71,61.39,145.72722,0.58
94.19,50.40,103.59244,0.58
85.39,54.02,88.10450,0.58
94.12,97.07,151.38171,0.58
81.54,92.28,90.65993,0.58
84.09,79.00,93.85315,0.58
92.82,57.11,104.82673,0.58
90.18,61.66,101.07174,0.58
87.87,58.89,94.37930,0.58
90.07,97.85,129.79918,0.58
85.96,58.80,90.60584,0.58
81.03,61.50,83.32335,0.58
95.67,97.11,160.80553,0.58
83.86,86.61,96.15030,0.58
88.75,41.23,89.27844,0.58
81.90,56.44,83.66381,0.58
92.19,67.44,110.72959,0.88
102.97,61.63,143.06496,0.58
88.90,55.11,94.77487,0.58
81.57,87.94,89.65791,0.58
91.22,51.93,97.96230,0.58
83.68,84.73,94.85283,0.58
95.05,84.98,140.22769,0.58
90.28,70.68,107.25676,0.58
95.90,74.89,131.58748,0.58
86.23,49.45,88.07780,0.58
81.48,41.35,81.17252,0.58
81.91,50.81,82.79464,0.58
86.38,82.34,102.25041,0.58
100.80,78.31,159.54362,0.58
89.85,72.40,107.12894,0.58
98.67,41.52,107.46471,0.58
103.21,89.47,195.49338,0.58
85.12,70.91,93.32697,0.58
92.98,79.80,124.85707,0.58
101.55,89.66,184.92003,0.88
83.66,96.72,99.74239,0.58
86.20,97.86,111.03159,0.58
90.55,50.80,96.03569,0.58
97.09,65.15,125.02811,0.88
90.91,93.39,129.53162,0.58
97.07,63.52,123.18669,0.58
97.38,44.00,106.40240,0.88
103.37,99.31,219.41368,0.58
95.54,69.83,124.44073,0.58
87.75,89.86,112.09666,0.58
101.93,52.33,126.76330,0.58
99.70,52.75,120.26016,0.58
80.58,74.26,84.55992,0.58
82.36,50.37,83.22734,0.88
97.48,69.74,131.87727,0.58
89.51,74.92,107.80925,0.58
101.88,62.18,139.44917,0.58
87.87,64.17,96.84299,0.58
90.00,47.67,93.57317,0.58
90.32,87.90,121.39748,0.58
85.91,67.71,93.88497,0.58
95.92,68.46,124.37433,0.58
86.34,82.82,102.39857,0.58
82.51,67.91,86.90831,0.58
102.81,73.65,161.92851,0.58
103.78,70.26,160.80206,0.58
92.34,88.60,131.34270,0.58
96.84,86.29,151.18492,0.58
86.88,56.30,91.39626,0.58
98.11,74.72,141.01041,0.58
102.90,67.61,152.10284,0.58
89.51,53.58,95.29229,0.58
82.56,43.80,82.44244,0.58
84.90,78.09,95.70393,0.58
82.58,84.45,91.55493,0.58
85.08,82.20,98.05595,0.58
100.17,76.08,152.70341,0.58
88.74,80.59,109.20007,0.58
96.15,92.71,156.97437,0.58
86.90,63.91,94.50199,0.58
81.88,48.46,82.41686,0.58
100.94,69.72,146.53006,0.58
103.12,83.73,182.80478,0.88
95.22,99.92,162.32619,0.58
88.88,73.87,105.09956,0.58
85.05,66.95,91.67792,0.58
92.17,42.85,95.29627,2.04
94.15,41.96,98.45896,0.58
102.38,68.19,150.65939,1.17
103.91,71.10,162.93333,0.58
91.40,93.22,131.78156,0.58
96.55,62.44,120.27792,0.58
95.61,45.63,103.61590,0.58
93.99,94.35,146.94321,0.58
90.39,48.60,94.69633,0.58
92.57,95.34,140.34364,0.58
92.05,64.13,107.75432,0.58
89.33,66.24,101.62392,0.88
84.76,47.51,85.55621,0.58
93.60,41.98,97.43224,0.58
80.58,82.76,85.96396,0.58
90.16,48.51,94.22644,0.58
98.92,88.40,166.28799,0.58
93.76,83.39,132.13824,0.58
92.08,84.91,126.25705,0.58
98.28,82.01,152.34753,0.58
100.89,88.45,178.30293,0.58
96.67,68.53,127.28644,0.88
101.07,81.72,166.92017,0.88
84.56,95.20,102.56173,0.58
83.89,95.75,100.21732,0.58
91.35,49.72,97.06819,0.58
83.10,76.11,90.35847,0.58
98.17,87.17,159.86972,0.58
100.72,41.94,112.57965,0.58
99.16,83.93,160.10799,0.58
83.75,69.13,89.67245,0.58
91.98,67.08,109.77842,0.58
92.34,90.24,133.16571,0.58
89.87,45.55,92.49228,0.58
98.31,58.59,122.08989,0.58
88.21,61.28,96.21999,0.58
86.02,72.10,96.04514,0.58
82.78,72.40,88.57266,0.58
91.49,41.50,93.55041,0.58
82.94,54.27,84.62607,0.58
82.71,64.41,86.44327,0.58
103.10,50.26,128.00389,0.58
90.32,65.23,103.66552,0.58
97.99,51.32,113.92719,0.58
87.03,97.94,114.87050,0.58
81.52,66.10,84.81210,0.58
83.03,45.64,83.19226,0.58
88.83,40.90,89.27991,0.58
91.11,83.41,120.62729,0.58
99.77,82.39,160.90727,0.58
103.01,91.63,198.88330,0.58
93.29,64.00,111.32780,0.58
93.04,45.07,97.97861,0.58
93.60,96.63,147.73755,0.58
84.92,92.69,102.66977,0.58
89.31,84.68,114.44124,0.58
102.15,85.93,181.23180,0.58
100.13,98.38,192.91977,2.33
96.37,73.29,131.62891,0.58
81.81,52.25,82.88998,0.58
88.52,94.90,119.42656,0.58
80.89,54.43,82.16859,0.58
100.87,92.11,185.33818,0.58
88.50,54.25,93.62000,0.58
93.49,54.82,104.91785,0.58
94.06,80.28,129.97002,0.88
93.20,51.78,102.21146,0.58
96.44,57.98,115.59106,0.58
94.71,66.96,118.55244,0.58
95.02,53.22,107.61751,0.58
100.83,62.05,135.19093,0.58
91.44,75.62,114.94362,0.58
87.21,60.68,93.76970,0.58
88.05,52.68,92.14299,0.58
87.62,40.76,87.60719,0.88
94.60,45.40,101.31306,0.58
93.02,84.90,130.46220,0.58
80.44,56.51,81.92348,0.88
94.69,68.55,120.04182,0.58
82.18,54.12,83.63484,0.58
95.23,73.34,127.08714,0.58
90.75,58.68,100.71141,0.88
92.70,80.17,124.04148,0.58
101.61,62.52,138.85574,0.58
99.75,88.76,171.88579,0.58
96.13,41.65,102.15114,0.88
81.36,72.07,85.64523,0.58
94.84,82.79,136.43150,0.58
90.09,42.06,91.52445,0.58
99.12,51.15,116.94652,0.58
81.27,88.64,88.94572,0.58
85.55,76.82,96.94366,0.58
82.38,85.78,91.39439,0.58
87.94,87.66,111.30195,0.58
89.44,63.75,100.44181,0.88
101.84,91.24,190.05037,0.58
95.77,68.25,123.61993,0.58
95.50,50.11,106.50460,0.58
101.52,66.72,144.56262,0.58
92.01,52.94,100.23680,0.58
100.26,55.60,125.14930,0.58
90.45,52.80,96.80827,0.58
89.44,94.26,123.19499,0.58
88.90,44.91,90.68776,0.58
102.90,92.42,199.87917,0.58
96.98,85.13,150.24489,0.58
94.15,45.43,100.40014,0.88
87.80,59.74,94.60594,0.58
101.37,82.69,170.41350,0.58
99.64,74.80,148.20497,0.58
87.28,44.89,88.27566,0.58
97.38,66.41,127.50696,0.58
96.46,78.38,138.36679,0.58
87.62,56.91,93.02963,0.58
80.53,86.98,86.57103,0.58
93.22,57.87,106.39087,0.58
91.18,42.51,93.45891,0.58
90.52,44.62,93.20781,0.58
97.39,74.60,137.64413,0.58
84.16,89.43,98.35732,0.88
89.42,53.45,95.05313,0.58
94.66,57.95,110.37430,0.58
89.83,67.53,103.80322,0.88
92.10,87.64,129.19713,0.58
86.34,63.39,93.07518,0.58
95.70,47.18,104.87261,0.58
97.11,48.26,109.01842,0.58
87.48,70.07,98.85139,0.58
86.65,54.62,90.37714,0.58
86.49,92.96,109.05032,0.88
86.99,56.81,91.78767,0.58
91.96,61.73,105.76976,0.58
88.09,52.47,92.12568,0.58
81.93,53.27,83.19250,0.58
93.07,53.01,102.70591,0.58
93.11,52.12,102.22054,0.58
84.78,63.38,89.91084,0.58
90.99,95.16,131.75555,0.58
95.05,88.03,144.22813,0.58
95.02,66.26,118.92001,0.88
94.30,88.39,140.80020,0.58
99.77,88.52,171.56223,0.88
80.46,65.73,83.10710,0.88
98.17,52.31,115.34348,0.58
96.80,95.77,165.73727,0.58
82.35,75.35,88.41095,0.58
99.91,80.71,158.88951,0.58
83.75,62.68,87.81725,0.58
94.68,76.52,128.35806,0.58
81.41,87.00,88.96929,0.88
102.38,79.32,169.89807,0.58
89.49,87.61,117.58408,0.58
87.01,52.32,90.19919,0.58
84.31,67.47,90.30551,0.58
87.03,49.48,89.29112,0.58
81.43,71.94,85.75665,0.58
92.70,92.73,137.87431,0.58
99.91,96.76,188.12283,1.46
83.25,95.66,97.70584,1.46
91.92,90.83,131.78157,0.58
95.81,76.73,133.41170,0.58
102.36,75.24,162.41754,0.58
83.53,62.89,87.49540,0.58
98.98,59.61,125.44861,0.58
85.95,49.68,87.71916,0.58
82.71,77.31,89.76911,0.58
80.40,86.71,86.19406,0.58
92.46,84.03,127.01530,2.92
88.57,78.09,106.91260,0.58
94.50,60.07,111.66163,0.88
83.75,67.10,89.06480,0.58
98.46,42.37,107.62492,0.58
87.08,84.15,105.71261,0.58
81.34,93.40,90.31136,0.58
103.39,80.43,177.78946,0.58
103.32,65.08,149.86353,2.04
92.70,69.60,114.14511,0.58
88.63,70.13,102.02627,0.58
92.35,69.08,112.57858,0.58
98.53,52.77,116.81481,0.88
83.84,84.25,95.15537,0.58
89.87,52.25,95.38197,0.58
103.95,61.78,147.31334,0.58
83.08,42.01,82.69250,0.58
102.45,42.01,116.95664,0.58
93.04,82.00,127.39155,0.58
93.56,90.07,139.12593,0.58
94.28,79.80,130.36848,0.58
90.91,76.36,113.69556,0.58
88.65,98.59,123.22779,0.58
96.62,94.92,163.23843,0.58
87.12,98.53,115.73122,0.58
83.50,98.74,99.99026,0.58
84.65,90.36,100.49678,0.58
99.86,46.77,114.78709,0.58
80.28,87.70,86.02836,0.88
81.75,68.11,85.59138,0.58
84.83,79.31,96.02258,0.58
86.88,78.65,101.80262,0.58
94.64,85.00,138.22722,0.58
102.69,68.89,153.20195,0.58
85.14,43.28,85.11237,0.58
83.05,84.20,92.80631,0.58
85.75,91.21,105.03436,0.58
100.63,47.89,117.97804,0.88
84.56,92.34,101.13355,0.58
84.72,74.37,93.71329,0.58
85.80,66.74,93.24704,0.58
87.13,62.40,94.35615,0.58
94.26,61.01,111.76097,0.58
81.95,55.36,83.55232,0.58
85.21,41.61,84.85936,0.58
96.66,68.19,126.83304,0.58
90.10,84.49,117.45617,0.58
83.86,67.61,89.43195,0.58
99.10,89.30,168.92168,0.88
80.08,96.08,86.81464,0.88
92.71,63.59,109.28207,0.58
86.07,96.88,109.83100,0.58
101.17,41.34,113.13432,0.58
88.34,58.07,94.98414,0.58
91.27,51.00,97.58353,0.58
84.38,55.22,86.87653,0.58
88.00,91.55,114.40953,0.58
99.84,95.44,185.02391,0.58
98.38,69.24,134.89690,0.58
85.05,48.97,86.27107,0.58
102.65,71.87,158.02379,0.58
84.20,94.87,100.99107,0.58
81.18,80.33,86.90276,0.58
101.52,79.29,165.08209,0.58
83.41,43.78,83.28913,0.58
83.62,45.24,83.76539,0.58
87.24,74.04,100.32837,0.58
88.16,45.44,89.73318,0.88
95.29,40.01,99.53320,0.58
93.79,73.71,121.88254,0.58
81.81,60.36,84.21734,0.58
94.75,64.87,116.69142,0.58
85.46,57.00,89.11720,0.58
84.79,57.01,88.00906,0.58
94.14,86.61,137.75996,0.58
80.51,41.80,80.45036,0.58
86.76,54.85,90.64590,0.58
86.79,42.03,86.86089,0.58
83.70,78.17,92.50342,0.88
89.55,83.72,114.59016,0.58
91.89,76.27,117.15289,0.58
81.79,64.73,84.99268,0.58
93.09,88.00,134.31348,0.58
83.79,92.30,98.28344,0.58
81.48,59.44,83.61404,0.58
95.86,87.67,147.99257,0.58
103.98,55.91,138.59460,0.58
93.25,40.88,96.27764,0.58
97.43,58.23,118.88404,0.58
