Temp,Hum,Output,Time_us
36.64,80.46,64.48357,16.33
28.39,64.68,30.18338,10.21
33.08,46.85,35.44123,8.46
30.58,45.07,31.10279,7.58
36.04,43.35,40.73565,7.88
28.27,47.84,28.28831,7.88
32.36,53.55,36.17012,7.88
30.45,53.10,32.37261,7.88
36.82,97.34,81.18877,7.88
34.36,78.82,53.36842,7.88
34.36,41.26,36.16955,7.58
29.24,49.85,29.94004,7.88
35.88,93.82,71.81301,264.54
36.88,51.93,45.68163,9.92
29.73,55.12,31.37593,7.88
34.38,53.20,40.76232,7.88
31.10,82.73,42.00415,8.46
39.94,88.82,92.29070,7.88
37.18,64.67,55.23045,7.88
39.24,82.48,80.53972,7.58
31.10,55.73,33.90152,7.58
29.64,67.92,34.00965,7.88
29.28,92.26,38.62362,10.79
26.94,91.30,31.20634,7.88
29.20,82.34,35.64997,7.88
32.41,80.21,46.18771,7.88
30.49,53.85,32.55408,7.88
38.17,68.45,61.33136,7.88
31.42,96.74,49.47026,7.88
27.40,44.59,27.63298,7.58
27.11,67.34,28.72810,7.88
33.24,47.26,35.73837,7.88
36.42,45.78,42.46016,7.58
27.82,78.38,31.01998,7.88
26.85,47.54,27.65355,7.88
36.19,49.03,43.08475,7.58
27.29,42.70,27.64712,7.58
30.12,91.63,42.13979,7.58
39.11,63.86,61.98592,7.58
27.67,54.62,28.67260,7.88
36.90,71.89,58.55641,7.58
38.91,93.80,91.50996,7.88
31.35,55.37,34.37532,7.58
39.49,74.93,74.38907,7.58
32.60,45.34,34.46573,7.88
32.91,73.84,45.01158,7.58
38.85,98.53,96.12512,7.88
31.22,86.78,44.42529,7.58
29.10,47.05,29.60453,7.88
34.30,92.48,61.80718,7.58
28.73,57.83,30.40174,7.58
30.07,89.67,41.07537,7.88
30.16,84.85,39.15062,7.88
36.73,99.51,82.80743,7.88
33.51,84.22,52.61695,7.58
32.32,95.09,52.90159,7.88
31.18,62.13,36.17985,7.58
36.38,69.50,55.19477,7.88
31.81,53.39,34.81701,7.88
34.91,63.75,46.29924,7.88
27.47,61.48,28.77255,7.58
36.69,90.88,74.03561,7.88
34.34,70.01,47.97557,7.88
37.23,67.73,57.26241,7.58
31.13,77.35,40.03300,7.88
37.20,75.34,62.65693,7.88
27.04,83.70,30.44530,7.58
34.15,84.38,55.32310,7.88
38.71,40.78,45.91032,7.88
39.01,84.85,81.81684,7.88
31.28,77.92,40.56401,7.58
27.22,57.50,28.32359,7.88
39.75,62.57,63.59384,7.88
26.82,57.62,27.36116,7.88
32.69,99.73,57.50985,7.58
38.87,71.02,67.38278,7.88
33.11,82.94,50.36388,7.88
32.48,57.08,37.60622,7.88
29.55,93.83,40.30399,7.88
35.25,41.48,38.27495,7.88
38.30,57.54,54.63468,7.58
30.47,59.62,33.68121,7.88
37.11,79.33,65.89333,7.88
36.57,53.71,45.75364,7.88
30.93,90.54,45.02357,7.88
37.24,68.00,57.46232,7.58
39.23,89.09,88.10315,7.88
32.10,85.65,47.50356,7.88
29.33,40.24,28.44602,7.88
30.84,83.59,41.34513,7.88
38.54,53.42,52.53165,7.58
37.51,42.29,43.71006,7.88
33.12,41.49,34.33062,7.88
33.99,69.98,46.66605,7.88
38.01,62.94,57.24844,7.88
34.26,88.56,58.43924,7.58
33.77,98.75,63.63472,7.88
30.48,61.97,34.47195,7.88
33.33,86.98,53.19120,7.58
34.25,62.36,43.51620,7.88
32.59,70.50,42.24699,7.88
30.88,79.37,39.73823,41.42
37.98,79.09,70.22346,7.88
34.71,57.62,43.05696,7.58
37.38,71.55,60.12222,9.04
27.48,64.34,29.15659,7.58
33.53,90.33,55.73114,7.58
36.37,84.44,66.76865,7.58
33.42,59.06,40.47586,7.58
32.09,74.52,42.16396,7.58
37.93,82.25,72.89799,7.58
36.19,91.15,71.42549,7.88
31.88,95.57,51.13969,7.88
28.90,97.22,38.48407,7.88
27.37,70.97,29.50629,115.79
33.21,64.64,41.80060,8.75
38.74,92.76,89.23274,7.88
36.90,64.74,54.23957,7.88
29.23,42.46,28.89442,7.88
30.47,56.15,32.84732,7.88
39.42,78.61,77.68790,7.88
32.48,47.18,34.73988,7.88
32.43,47.80,34.81666,7.58
39.32,70.37,69.13390,7.58
27.79,62.52,29.61241,7.88
29.18,41.78,28.59192,7.88
28.73,63.50,30.59710,7.58
35.01,81.35,57.29425,7.88
32.60,79.98,46.85899,7.88
32.97,55.43,38.22659,7.88
37.76,88.46,78.06128,7.88
28.15,50.60,28.70564,7.88
37.22,99.96,86.57977,7.58
33.79,47.89,37.21405,7.58
27.37,64.31,28.90050,7.88
29.56,65.67,33.33973,7.88
27.89,55.24,29.17045,7.88
34.52,49.99,39.61934,7.88
37.20,96.66,83.05841,7.88
39.50,72.03,71.61837,7.58
37.98,64.92,58.33318,7.88
28.73,51.99,29.65720,7.88
34.17,76.11,51.03119,7.58
29.23,64.03,32.09483,7.88
34.41,56.54,41.99486,7.88
32.81,84.11,49.68807,7.58
37.51,40.36,43.02798,7.88
27.50,98.73,33.99696,7.88
37.46,99.11,87.32904,7.88
28.60,44.94,28.28284,7.88
36.80,72.81,58.74287,7.88
31.68,75.97,41.29041,7.58
27.94,67.13,29.84947,7.88
30.62,63.48,35.29599,7.58
28.76,78.07,33.57609,7.88
30.38,70.48,36.57915,7.58
34.46,55.10,41.64307,7.58
29.84,86.99,38.85439,11.67
33.36,66.91,42.89637,7.88
35.81,79.17,58.94114,7.88
29.64,58.39,31.69265,7.88
36.38,41.73,40.93773,7.58
33.26,41.98,34.68403,7.88
39.99,62.96,65.03941,7.88
32.60,74.50,44.25019,7.88
36.74,83.38,67.72012,7.88
37.18,77.01,64.10399,7.88
37.99,96.08,87.80072,7.88
39.14,94.75,94.06355,7.58
32.76,71.05,42.82861,7.58
39.05,45.97,49.26708,7.88
33.50,66.22,43.00227,7.88
32.69,58.46,38.55338,7.58
37.89,84.33,74.62134,7.88
34.60,61.96,44.21346,7.88
34.94,97.16,69.17607,7.58
34.15,75.03,50.30535,7.88
39.34,62.53,61.75067,7.88
29.08,86.64,36.17032,7.88
33.64,64.19,42.67076,7.58
39.20,86.30,84.69389,7.88
35.31,64.69,48.34267,7.58
26.77,59.76,27.44933,7.58
31.81,53.96,35.00307,7.88
31.78,40.89,31.99229,7.58
29.93,72.99,35.82479,7.88
39.89,72.66,74.42690,7.88
31.80,98.04,51.55288,7.88
31.33,55.00,34.20724,7.88
38.86,42.25,46.77158,7.88
36.47,65.98,53.40163,7.88
30.65,40.72,30.15345,7.88
37.45,97.60,85.71203,7.88
36.39,46.61,42.68515,7.88
29.15,47.20,29.65965,7.88
38.76,80.27,75.52551,7.88
30.51,52.21,32.35012,7.88
28.30,51.85,29.27073,7.88
38.83,58.22,56.86659,7.58
34.76,44.69,38.29305,7.58
34.47,85.22,57.03798,7.88
27.26,57.60,28.43585,10.79
27.31,78.52,30.24391,8.75
29.45,64.52,32.80486,7.88
34.98,88.03,62.08467,7.58
35.51,58.53,45.36150,7.88
38.30,70.21,63.64707,48.71
28.60,82.97,34.10429,7.88
26.88,55.56,27.64375,7.88
32.28,57.52,37.27679,7.88
28.42,76.12,32.24174,7.58
27.33,87.65,31.47389,7.58
37.94,68.91,60.59457,7.88
31.17,59.31,35.23568,7.88
28.51,73.61,31.99357,7.88
28.37,71.77,31.23804,7.88
32.38,92.58,51.95326,7.58
28.53,47.33,28.71059,7.88
28.51,72.97,31.86639,7.88
34.63,86.62,58.97602,129.79
28.80,88.46,35.75225,8.75
38.09,49.56,48.31123,7.88
29.88,67.69,34.63229,7.88
33.84,85.83,54.73949,7.88
32.02,62.08,38.15033,7.58
29.40,92.02,39.07936,7.58
28.17,51.57,28.98287,7.58
35.03,75.35,53.74553,7.88
28.38,68.70,30.65579,7.58
27.85,73.62,30.43238,7.88
35.47,85.04,62.45825,7.58
34.24,92.90,61.80463,7.58
30.48,85.98,41.00355,7.88
32.84,52.34,36.91046,7.88
37.30,45.23,44.27065,7.88
32.65,72.11,43.00776,7.58
30.92,98.70,47.86927,7.88
32.22,50.86,35.09239,7.58
29.71,41.39,29.32553,7.88
39.64,46.59,51.77811,7.58
37.29,63.08,54.67635,7.58
27.50,44.13,27.62916,7.88
39.22,68.03,66.43628,7.58
29.46,49.12,30.07675,7.88
36.36,83.74,66.06590,7.88
33.28,49.17,36.50450,7.58
37.45,48.07,45.61608,7.88
29.06,65.31,31.87578,7.58
31.78,64.58,38.39872,7.88
29.35,72.09,34.03074,7.58
27.25,54.86,27.84886,7.88
30.41,91.13,43.16759,7.88
35.03,41.37,37.73485,7.88
31.20,50.12,33.28273,7.88
29.88,91.03,40.89305,7.88
26.73,71.47,28.70823,7.88
30.39,76.16,37.73576,7.58
36.07,99.54,78.37907,7.58
30.00,69.18,35.26257,7.88
29.30,94.95,39.54696,7.88
30.54,86.75,41.61667,7.88
27.68,97.17,34.21503,7.58
33.48,93.01,57.59646,7.58
37.54,42.27,43.77135,7.88
33.35,44.36,35.38117,7.58
28.43,53.35,29.49853,7.88
35.00,74.46,53.09750,7.88
28.36,49.30,28.83136,7.58
30.60,48.91,32.02902,7.88
34.87,86.84,60.50906,7.58
33.53,64.45,42.49545,7.88
36.84,48.88,44.51260,7.88
39.00,41.56,46.84668,7.58
28.98,87.63,36.08857,7.88
30.00,42.02,29.64630,7.88
28.47,64.72,30.29424,7.58
38.68,43.79,46.90574,7.88
27.02,89.73,31.12263,7.58
35.89,87.34,66.67593,7.58
33.53,52.12,38.44139,7.88
34.42,95.87,65.20256,7.88
27.13,60.23,28.39720,7.88
39.81,74.75,76.06665,7.88
31.57,50.06,33.93795,7.58
29.13,51.57,29.97483,7.88
30.99,82.27,41.33314,7.88
39.49,66.36,66.24096,7.58
32.82,97.19,56.95646,7.88
34.83,56.07,42.83484,7.88
28.20,70.36,30.54543,7.88
33.88,65.95,43.82704,7.58
35.16,40.03,37.55746,7.58
32.69,56.97,38.06701,7.88
28.79,46.80,29.12802,7.88
32.06,53.52,35.45076,7.58
39.40,94.30,95.19188,7.88
31.10,63.10,36.30726,7.88
38.19,65.21,59.28312,7.58
39.31,69.02,67.82718,7.58
28.30,44.04,27.61944,7.58
33.06,53.54,37.82253,7.88
32.52,43.25,33.80161,12.25
36.61,86.67,70.09676,8.46
28.88,41.07,27.76851,7.88
28.33,43.19,27.57352,7.58
36.59,64.28,52.81802,47.54
32.94,81.37,48.91788,7.88
33.02,63.92,41.11618,7.88
30.06,53.91,31.79118,7.88
31.92,46.27,33.59433,7.88
35.43,97.28,72.20615,7.88
33.27,68.45,43.18618,7.58
34.25,99.21,66.83410,7.88
31.06,87.74,44.22482,7.88
27.16,92.41,31.87458,12.25
32.14,80.73,45.32574,7.88
33.60,56.61,40.10186,7.88
32.82,96.88,56.79127,7.88
30.40,98.28,45.44117,7.88
33.90,46.10,36.83206,7.58
34.58,99.56,69.09894,7.88
39.15,78.62,76.12959,7.88
38.47,55.76,53.87638,7.88
30.41,61.15,34.03872,7.88
28.32,94.44,35.51031,7.88
31.17,69.98,38.67978,7.58
36.00,51.04,43.36224,7.88
38.64,95.56,91.65868,7.88
27.36,90.31,32.04921,7.88
30.60,70.41,37.17789,7.88
36.63,92.34,74.93815,7.58
38.20,59.42,55.82430,7.58
38.09,65.52,59.10131,7.88
27.13,93.83,32.05235,7.88
37.59,79.81,68.85140,7.58
27.09,47.32,27.64344,7.88
34.16,55.55,41.08039,7.88
34.08,82.89,54.32613,7.88
38.45,41.59,45.60424,7.58
28.83,88.95,35.93068,7.58
29.43,81.16,36.05598,7.88
31.37,66.80,38.15364,7.88
32.04,40.48,32.31158,7.88
33.77,56.68,40.52681,7.58
33.79,58.43,41.14536,7.88
33.48,82.45,51.65105,7.88
32.99,94.16,55.74818,7.58
26.95,49.38,27.64729,7.58
38.41,89.93,83.87628,7.58
32.87,47.00,35.22929,7.88
37.21,48.04,45.05869,7.58
34.95,86.42,60.62469,7.88
39.27,73.65,71.91994,7.88
32.57,91.50,52.21988,7.88
36.07,42.90,40.64496,7.58
28.78,54.52,29.89350,7.58
31.57,62.80,37.32100,7.88
34.33,76.28,51.72421,7.88
31.73,58.39,36.25991,7.88
33.52,49.53,37.17852,7.58
28.83,79.14,33.98367,7.88
28.74,59.18,30.48049,7.88
27.54,82.22,31.00335,7.58
33.87,66.33,44.01957,7.88
37.43,94.43,82.32406,7.88
39.51,77.70,77.29440,7.58
32.74,80.89,47.86751,7.88
36.87,95.51,79.64877,7.58
32.47,81.94,47.25785,7.88
30.46,93.22,44.13568,7.88
39.52,52.51,55.25399,7.88
32.19,55.09,36.27072,7.58
31.23,80.05,41.26253,7.88
36.62,94.19,76.63086,7.88
30.29,90.54,42.39360,7.88
37.87,79.01,69.57344,7.88
35.24,89.19,64.48420,7.58
34.48,74.06,50.93732,7.88
34.32,45.38,37.53447,7.88
33.98,87.82,56.26331,7.88
31.53,62.49,37.12519,7.88
27.59,85.20,31.73479,7.58
29.02,41.49,28.17886,7.88
39.72,71.79,72.56339,7.58
32.93,54.28,37.75659,7.88
32.37,56.15,37.04247,7.88
34.47,71.77,49.51784,7.58
39.28,77.92,76.17988,7.88
38.63,57.04,55.28617,7.88
33.77,84.09,53.62350,7.88
27.16,83.07,30.53686,7.58
35.84,96.16,73.67811,7.88
39.82,76.75,78.13860,7.58
31.94,76.06,42.28069,7.58
35.54,83.52,61.57001,7.88
39.94,70.56,72.46826,7.88
31.52,58.56,35.81870,7.88
26.77,90.47,30.88407,7.58
27.90,80.89,31.74157,7.88
27.07,80.79,30.17014,7.58
28.00,73.16,30.58230,7.88
36.58,53.78,45.83670,9.63
31.07,46.96,32.38443,8.75
38.09,86.36,77.76572,7.88
33.29,59.52,40.31853,7.88
32.10,89.35,49.26497,7.88
28.78,96.65,37.77691,9.04
34.14,92.05,60.55806,7.88
28.75,51.42,29.63129,7.58
28.08,53.70,29.21927,7.88
30.91,75.95,39.14213,7.58
35.32,96.93,71.19432,7.88
38.25,62.58,57.91665,7.88
38.47,48.16,48.70391,7.88
36.91,64.17,53.93233,7.58
30.00,69.16,35.25860,7.88
29.77,82.57,37.28302,7.58
29.92,78.86,36.96347,7.58
39.18,44.37,48.63845,7.88
29.29,83.59,36.14902,7.58
27.19,62.83,28.34072,8.46
35.79,41.94,39.66778,7.88
37.44,87.59,75.29538,7.88
33.22,55.77,38.92889,7.58
32.12,66.43,39.80679,7.88
26.99,69.98,28.89310,7.88
33.96,86.50,55.55156,7.88
32.46,80.68,46.61692,7.58
34.81,76.41,53.57378,7.88
33.37,43.31,35.20301,7.88
33.98,50.66,38.62586,7.88
37.58,78.69,67.75841,7.88
37.65,94.24,83.61549,7.88
36.43,41.76,41.06224,7.88
35.26,99.47,73.23237,7.58
33.79,97.61,63.03573,7.58
35.46,85.72,62.94672,7.88
33.73,62.78,42.42338,7.88
29.81,88.19,39.30238,7.88
36.90,62.69,53.00188,7.88
35.13,81.78,57.99665,7.88
31.50,91.86,47.99428,7.88
26.90,55.81,27.64263,7.88
36.16,62.13,49.93336,7.88
38.30,59.30,56.12082,7.88
37.45,85.85,73.73096,7.88
30.61,90.70,43.78475,7.88
34.89,76.53,53.94139,7.58
27.82,82.69,31.87649,7.58
36.34,97.10,77.69949,7.88
26.78,78.90,29.57934,7.88
27.56,50.25,27.62009,7.88
35.49,87.44,64.49487,7.88
28.95,96.00,38.32633,7.88
35.29,92.53,67.44379,7.88
34.27,49.83,38.99323,7.88
33.69,69.32,45.16063,7.88
37.73,97.12,87.11125,7.88
37.30,54.84,49.10749,7.58
29.76,77.19,36.18603,7.88
39.14,73.45,71.05373,7.58
30.82,97.68,47.11079,7.58
28.38,67.53,30.47867,7.88
27.73,99.89,34.85765,7.58
35.68,40.81,39.01781,7.58
31.83,47.01,33.63652,7.88
29.71,84.13,37.42595,7.58
31.56,87.99,46.39849,7.58
28.35,70.93,31.01541,7.88
28.43,54.64,29.59673,7.88
36.35,57.07,47.57941,7.58
29.71,84.54,37.50742,7.88
32.97,91.15,53.69700,10.79
37.17,40.83,42.41948,7.88
30.14,76.09,37.02565,7.88
26.86,76.23,29.39675,7.58
36.44,71.14,56.40629,7.58
28.58,70.90,31.64996,7.58
37.48,56.70,51.19289,7.88
33.13,92.95,55.56981,7.88
32.11,42.36,32.90577,7.88
37.95,49.51,47.78149,7.58
28.62,44.46,28.23345,7.88
26.72,57.43,27.37186,7.88
33.53,42.45,35.24433,7.88
28.16,68.96,30.34057,7.88
36.74,55.62,47.81135,7.58
38.96,61.84,60.08959,7.88
35.32,76.58,55.55819,7.88
27.70,94.63,33.80242,7.88
38.14,62.24,57.30548,7.58
27.00,40.67,27.57169,7.58
27.93,56.08,29.26935,7.88
37.56,67.47,58.32306,7.58
29.44,51.02,30.20390,7.58
27.57,46.61,27.62351,7.58
31.54,61.48,36.81916,7.58
26.84,83.79,30.18872,7.88
26.92,95.91,31.84592,7.58
31.31,57.51,34.97925,7.58
33.22,77.94,48.43563,7.88
37.46,65.14,56.54733,57.75
38.29,84.37,76.92373,8.46
36.32,72.74,56.92953,7.88
32.20,54.90,36.23235,7.58
36.33,70.13,55.39064,8.46
31.96,84.47,46.36651,7.88
36.46,91.76,73.44071,7.88
27.94,87.21,33.10752,7.88
38.11,60.58,56.19257,7.58
32.43,49.37,35.08712,7.58
35.30,71.23,52.25431,7.88
32.23,71.08,41.58483,7.58
31.60,99.69,51.18129,7.88
29.80,80.67,36.98898,7.88
32.44,88.60,50.30510,7.58
27.62,64.93,29.53562,123.38
39.44,90.35,90.88769,8.75
34.60,70.20,49.04961,7.88
29.58,64.86,33.23446,7.88
33.09,59.79,39.93362,7.58
28.54,69.45,31.25041,7.58
28.91,77.32,33.84477,7.88
36.51,94.55,76.29237,7.88
27.29,66.05,28.96021,7.58
28.42,68.09,30.64597,7.88
39.97,85.03,88.10780,7.58
34.82,86.39,59.86575,7.88
29.15,82.38,35.51868,7.88
28.23,82.79,33.03814,7.58
34.69,84.37,57.53738,7.88
32.77,42.94,34.13012,7.58
38.56,59.45,57.13273,7.88
35.89,90.34,69.08038,7.88
30.13,82.56,38.28356,7.88
33.89,47.85,37.42774,7.58
32.86,55.99,38.14921,7.58
36.25,84.42,66.12205,7.58
39.72,40.47,48.10181,7.88
27.61,85.25,31.80042,7.88
34.73,74.29,51.99863,7.58
35.80,79.31,59.01888,7.88
34.23,57.80,41.98040,7.88
38.80,45.00,47.72171,7.58
28.62,87.07,34.97476,7.58
37.35,80.44,68.18075,7.58
35.08,62.19,45.98464,7.88
38.39,55.11,53.15073,7.58
29.01,93.63,37.85581,7.88
39.38,72.19,71.13903,7.88
28.53,44.48,28.04741,7.88
28.73,65.43,30.98064,7.88
28.62,95.70,36.77504,7.88
31.38,77.37,40.73318,7.58
39.28,98.40,98.89693,7.88
34.89,70.64,50.38529,7.58
27.32,59.06,28.70332,7.58
29.76,51.92,30.96177,7.58
32.35,85.52,48.46900,7.88
38.79,79.72,75.14599,7.88
36.36,61.45,50.26076,7.88
37.34,43.91,43.89529,7.58
32.40,40.00,32.77606,7.58
27.45,75.42,30.09466,7.88
31.36,94.33,48.45707,7.88
33.45,62.34,41.61749,7.58
30.38,92.41,43.53076,7.58
29.00,70.68,32.77586,7.88
28.23,54.44,29.40671,7.88
31.20,91.37,46.52822,7.88
31.63,46.89,33.27974,7.58
29.24,61.98,31.54232,7.88
39.70,51.57,55.23367,7.88
29.41,60.61,31.50367,7.58
39.81,50.31,54.82343,7.88
31.54,41.74,31.81797,7.58
27.89,46.68,27.60966,7.88
38.37,85.11,78.13355,7.88
28.30,89.98,34.63085,7.88
37.37,63.37,55.14662,7.58
30.74,46.24,31.66246,7.58
38.64,74.16,69.09672,7.88
31.21,61.34,35.99293,7.88
26.94,42.69,27.65481,7.88
36.95,78.78,64.54494,7.58
39.97,68.07,70.06222,7.58
35.57,53.10,43.11060,7.58
34.05,53.87,40.27182,7.88
32.57,51.93,36.13801,7.58
27.21,40.34,27.53509,7.88
32.63,73.73,43.91204,7.88
30.68,74.12,38.13796,7.88
39.86,84.95,87.31844,7.58
30.57,67.96,36.60747,7.58
34.22,54.63,40.92200,7.88
29.63,91.22,39.84735,7.88
28.99,85.62,35.71699,7.88
34.62,50.94,40.18290,7.58
28.00,41.99,27.54394,7.88
36.18,49.96,43.39064,7.88
37.96,67.64,59.90160,7.88
31.52,62.89,37.23211,9.33
32.83,66.84,41.61995,8.46
34.27,95.38,63.96189,7.88
33.72,73.41,47.74068,7.88
28.68,94.67,36.72045,7.88
34.70,82.32,56.60255,7.88
36.36,76.19,59.16008,8.46
37.20,78.11,65.23075,7.58
27.98,95.32,34.71692,7.58
37.01,67.08,56.05822,7.58
26.78,78.72,29.55985,7.88
30.94,96.51,47.27788,7.88
27.06,80.82,30.16008,7.58
34.69,62.19,44.54563,7.88
29.60,66.74,33.66376,7.58
28.13,66.39,30.02234,7.88
35.33,42.76,38.90958,7.88
37.40,55.03,49.59090,7.58
33.99,41.18,35.63290,7.58
28.33,96.56,35.92973,7.88
38.04,91.19,82.98553,7.88
26.94,91.12,31.18473,8.75
36.69,60.67,51.00744,7.88
28.79,82.31,34.50224,7.88
34.41,43.27,36.99382,7.88
28.62,57.82,30.36364,7.88
34.36,43.88,37.09549,7.58
28.92,45.51,29.08817,7.88
29.78,57.67,31.83859,8.46
31.76,61.90,37.47661,7.88
36.44,82.97,65.76910,7.88
28.64,98.43,37.71079,7.88
38.27,91.99,85.36604,7.88
33.34,63.67,41.79145,7.88
33.16,72.98,45.41480,7.58
28.23,53.17,29.31003,7.88
35.99,45.29,41.30735,7.88
37.24,98.00,84.70368,7.88
28.43,62.32,30.33959,7.88
27.36,83.64,30.86490,7.88
27.83,99.43,35.05387,7.58
31.04,41.09,30.83665,7.88
36.27,70.91,55.64018,7.58
30.60,64.84,35.69262,7.58
27.00,58.96,27.93694,7.88
34.83,93.71,65.78914,12.25
31.54,93.11,48.75373,7.88
30.60,96.01,45.62032,7.58
37.11,79.95,66.46941,7.58
37.39,53.92,48.80003,7.88
37.29,46.66,44.75325,7.88
29.94,55.11,31.75133,7.58
30.18,44.36,30.39902,7.88
27.90,40.96,27.50121,7.58
31.64,55.15,34.98942,7.58
28.79,98.35,38.34877,7.88
38.42,65.09,60.05931,7.88
35.13,83.07,58.95729,7.58
26.89,98.23,32.18982,7.58
30.43,82.11,39.02958,7.88
32.81,98.28,57.47575,7.58
39.84,61.39,62.80404,7.58
34.55,50.40,39.83258,7.88
29.66,54.02,31.08943,7.58
34.51,97.07,66.67312,7.88
27.52,92.28,32.86263,7.88
28.94,79.00,34.26218,7.88
33.79,57.11,40.71447,7.88
32.32,61.66,38.72280,7.88
31.04,58.89,34.79110,7.88
32.26,97.85,53.86151,7.88
29.98,58.80,32.25457,7.88
27.24,61.50,28.47399,7.58
35.37,97.11,71.67406,7.58
28.81,86.61,35.41246,7.58
31.53,41.23,31.67143,7.88
27.72,56.44,29.11322,7.88
33.44,67.44,43.25858,7.88
39.43,61.63,61.35478,7.88
31.61,55.11,34.90541,7.88
27.54,87.94,32.11777,7.88
32.90,51.93,36.91854,7.58
28.71,84.73,34.76037,7.88
35.03,84.98,59.92281,7.58
32.38,70.68,41.80905,7.88
35.50,74.89,55.20200,7.88
30.13,49.45,31.26453,7.88
27.49,41.35,27.55978,7.58
27.73,50.81,27.87463,7.88
30.21,82.34,38.46263,7.58
38.22,78.31,70.75475,7.58
32.14,72.40,41.80284,7.88
37.04,41.52,42.36717,7.88
39.56,89.47,90.63274,7.58
29.51,70.91,34.24182,7.88
33.88,79.80,52.03325,7.58
38.64,89.66,85.02219,7.88
28.70,96.72,37.44514,7.88
30.11,97.86,44.02938,7.88
32.53,50.80,35.67454,7.88
36.16,65.15,51.75669,11.08
32.73,93.39,53.77712,8.17
36.15,63.52,50.73568,7.58
36.32,44.00,41.60328,9.04
39.65,99.31,102.33054,7.88
35.30,69.83,51.40906,7.58
30.97,89.86,44.86422,7.88
38.85,52.33,52.88746,7.58
37.61,52.75,48.78272,7.88
26.99,74.26,29.35654,7.88
27.98,50.37,28.29289,7.88
36.38,69.74,55.33967,7.88
31.95,74.92,41.83364,10.79
38.82,62.18,59.77830,7.88
31.04,64.17,36.51462,7.88
32.22,47.67,34.44102,7.58
32.40,87.90,49.80750,7.88
29.95,67.71,34.83121,7.88
35.51,68.46,51.35676,7.58
30.19,82.82,38.50232,7.88
28.06,67.91,30.09372,7.88
39.34,73.65,72.28627,7.58
39.88,70.26,71.85674,7.88
33.52,88.60,54.74318,7.88
36.02,86.29,66.56927,7.58
30.49,56.30,32.87569,7.88
36.73,74.72,59.63777,7.58
39.39,67.61,66.93571,7.58
31.95,53.58,35.21016,7.88
28.09,43.80,27.62715,7.88
29.39,78.09,35.33449,7.88
28.10,84.45,33.00600,7.58
29.49,82.20,36.42974,7.88
37.87,76.08,66.85094,7.58
31.52,80.59,42.71131,7.88
35.64,92.71,69.56661,7.58
30.50,63.91,35.15252,7.88
27.71,48.46,27.61552,7.58
38.30,69.72,63.19178,7.58
39.51,83.73,83.69291,7.88
35.12,99.92,72.79382,7.58
31.60,73.87,40.65030,7.58
29.47,66.95,33.34346,7.58
33.43,42.85,35.18340,7.88
34.53,41.96,36.80424,7.58
39.10,68.19,65.95692,7.58
39.95,71.10,73.10007,7.88
33.00,93.22,55.05131,7.88
35.86,62.44,49.01360,7.88
35.34,45.63,39.94664,7.88
34.44,94.35,64.09737,7.88
32.44,48.60,34.98249,7.88
33.65,95.34,60.42494,7.88
33.36,64.13,41.98891,7.88
31.85,66.24,39.10616,7.58
29.31,47.51,29.82309,7.88
34.22,41.98,36.10505,7.88
26.99,82.76,30.27693,7.58
32.31,48.51,34.80227,7.88
37.18,88.40,74.68732,7.58
34.31,83.39,55.50931,7.88
33.38,84.91,52.41124,7.88
36.82,82.01,66.86581,7.88
38.27,88.45,81.28148,7.58
35.93,68.53,52.94873,7.58
38.37,81.72,74.72009,7.58
29.20,95.20,39.18269,7.88
28.83,95.75,37.71848,7.88
32.97,49.72,35.99263,7.88
28.39,76.11,32.15621,7.88
36.76,87.17,71.34635,7.58
38.18,41.94,45.11281,7.88
37.31,83.93,71.21425,7.88
28.75,69.13,31.77163,7.58
33.32,67.08,42.85725,7.58
33.52,90.24,55.60248,7.58
32.15,45.55,33.78554,7.88
36.84,58.59,50.30511,7.88
31.23,61.28,36.02065,7.58
30.01,72.10,35.87070,7.58
28.21,72.40,30.91766,7.58
33.05,41.50,34.21902,7.88
28.30,54.27,29.45495,7.88
28.17,64.41,29.97002,7.88
39.50,50.26,53.78017,7.58
32.40,65.23,40.07735,7.88
36.66,51.32,44.96484,9.33
30.57,97.94,46.08682,7.88
27.51,66.10,29.36781,7.88
28.35,45.64,27.92277,7.88
31.57,40.90,31.65240,7.58
32.84,83.41,49.47811,7.58
37.65,82.39,71.56271,7.88
39.45,91.63,92.42797,7.88
34.05,64.00,43.57849,7.88
33.91,45.07,36.49083,7.58
34.22,96.63,64.68110,7.58
29.40,92.69,39.28733,7.88
31.84,84.68,45.97337,7.88
38.97,85.93,82.80952,7.88
37.85,98.38,89.21492,11.38
35.76,73.29,55.19533,8.46
27.67,52.25,28.09785,7.88
31.40,94.90,48.81074,7.88
27.16,54.43,27.63289,8.75
38.26,92.11,85.44112,7.58
31.39,54.25,34.10433,7.58
34.16,54.82,40.84210,7.58
34.48,80.28,54.69267,7.88
34.00,51.78,39.17956,7.88
35.80,57.98,46.09946,7.88
34.84,66.96,47.97900,7.88
35.01,53.22,42.02852,7.88
38.24,62.05,57.55976,7.58
33.02,75.62,46.49214,7.88
30.67,60.68,34.50026,7.88
31.14,52.68,33.54945,7.58
30.90,40.76,30.66453,7.88
34.78,45.40,38.58953,7.88
33.90,84.90,54.54333,7.58
26.91,56.51,27.54506,7.88
34.83,68.55,48.90207,8.75
27.88,54.12,28.99231,8.17
35.13,73.34,52.90097,7.88
32.64,58.68,38.50693,7.58
33.72,80.17,51.55190,7.88
38.67,62.52,59.43011,7.88
37.64,88.76,77.64704,7.58
35.63,41.65,39.20077,7.58
27.42,72.07,29.69197,7.88
34.91,82.79,57.68927,7.88
32.27,42.06,33.09008,7.88
37.29,51.15,46.56073,7.58
27.37,88.64,31.76907,7.88
29.75,76.82,36.08464,7.88
27.99,85.78,32.96397,7.88
31.08,87.66,44.26892,7.88
31.91,63.75,38.43528,7.88
38.80,91.24,87.85911,7.88
35.43,68.25,50.93480,7.88
35.28,50.11,41.39322,7.58
38.62,66.72,62.07896,7.88
33.34,52.94,38.28893,7.88
37.92,55.60,51.82003,7.58
32.47,52.80,36.18548,7.88
31.91,94.26,50.82164,7.88
31.61,44.91,32.74155,7.88
39.39,92.42,92.95930,7.88
36.10,85.13,65.99673,7.58
34.53,45.43,38.03057,7.58
31.00,59.74,34.97395,7.88
38.54,82.69,76.68432,7.58
37.58,74.80,64.14390,7.58
30.71,44.89,31.26882,7.58
36.32,66.41,53.10778,7.88
35.81,78.38,58.45292,7.88
30.90,56.91,33.81365,7.88
26.96,86.98,30.71392,7.88
34.01,57.87,41.48290,7.88
32.88,42.51,34.19970,7.88
32.51,44.62,34.13512,7.88
36.33,74.60,58.08941,7.88
28.98,89.43,36.44096,7.58
31.90,53.45,35.04947,7.88
34.81,57.95,43.40121,7.58
32.13,67.53,40.18951,7.58
33.39,87.64,53.75195,7.88
30.19,63.39,34.24956,7.88
35.39,47.18,40.60834,7.88
36.17,48.26,42.76705,7.58
30.82,70.07,37.72298,7.88
30.36,54.62,32.43339,7.88
30.27,92.96,43.21543,7.58
30.55,56.81,32.96160,7.58
33.31,61.73,41.08724,7.88
31.16,52.47,33.55463,7.88
27.74,53.27,28.49220,7.58
33.93,53.01,39.70727,7.88
33.95,52.12,39.27777,7.88
29.32,63.38,32.18853,7.88
32.77,95.16,55.30598,7.88
35.03,88.03,62.36732,7.88
35.01,66.26,48.18363,7.88
34.61,88.39,60.28157,7.58
37.65,88.52,77.43349,7.58
26.92,65.73,28.06822,7.88
36.76,52.31,45.54253,7.58
36.00,95.77,74.29717,7.58
27.97,75.35,30.83555,7.88
37.73,80.71,70.42036,7.58
28.75,62.68,30.53591,7.58
34.82,76.52,53.67707,7.88
27.45,87.00,31.69126,7.88
39.10,79.32,76.54396,7.88
31.94,87.61,47.77914,7.58
30.56,52.32,32.45594,7.88
29.06,67.47,32.30503,7.88
30.57,49.48,32.05854,7.58
27.46,71.94,29.73116,7.88
33.72,92.73,58.72879,7.88
37.73,96.76,86.74184,10.21
28.47,95.66,36.15718,8.75
33.29,90.83,54.85965,7.58
35.45,76.73,56.12842,7.88
39.09,75.24,72.45529,7.88
28.63,62.89,30.41457,46.38
37.21,59.61,52.28614,7.58
29.97,49.68,31.01104,7.88
28.17,77.31,31.78202,7.58
26.89,86.71,30.58984,7.58
33.59,84.03,52.85526,7.88
31.43,78.09,41.15133,7.88
34.72,60.07,43.88036,7.88
28.75,67.10,31.36821,7.58
36.92,42.37,42.39417,7.88
30.60,84.15,40.62548,7.58
27.41,93.40,32.76013,7.88
39.66,80.43,80.91463,7.58
39.62,65.08,65.53249,7.88
33.72,69.60,45.44038,7.88
31.46,70.13,39.45350,9.92
33.53,69.08,44.42536,7.88
36.96,52.77,46.49481,7.88
28.80,84.25,34.91562,7.88
32.15,52.25,35.24907,7.88
39.97,61.78,63.77127,7.58
28.38,42.01,27.50899,7.88
39.14,42.01,47.32467,7.58
33.91,82.00,53.20385,7.88
34.20,90.07,59.31031,7.88
34.60,79.80,54.84563,7.88
32.73,76.36,45.66988,7.88
31.47,98.59,50.26542,7.88
35.90,94.92,72.87297,7.58
30.62,98.53,46.49089,7.58
28.61,98.74,37.67446,7.88
29.25,90.36,37.90130,7.88
37.70,46.77,45.72621,7.58
26.82,87.70,30.61702,7.88
27.64,68.11,29.55612,7.58
29.35,79.31,35.46555,7.88
30.49,78.65,38.50908,7.58
34.80,85.00,58.63863,7.58
39.27,68.89,67.49705,9.33
29.52,43.28,29.47409,7.88
28.36,84.20,33.68037,7.88
29.86,91.21,40.86056,7.88
38.13,47.89,47.31629,7.58
29.20,92.34,38.29496,7.58
29.29,74.37,34.31676,7.88
29.89,66.74,34.47135,7.88
30.63,62.40,34.96709,7.58
34.59,61.01,43.87971,7.88
27.75,55.36,29.02004,7.58
29.56,41.61,29.24465,7.88
35.92,68.19,52.70655,7.88
32.28,84.49,47.69101,7.88
28.81,67.61,31.63665,7.58
37.28,89.30,76.04693,7.88
26.71,96.08,31.47896,7.58
33.73,63.59,42.68778,7.88
30.04,96.88,43.41588,7.88
38.43,41.34,45.47032,7.88
31.30,58.07,35.13840,7.58
32.93,51.00,36.59504,7.88
29.10,55.22,30.38239,7.58
31.11,91.55,46.24406,7.58
37.69,95.44,85.11708,7.58
36.88,69.24,56.88267,7.88
29.47,48.97,30.07407,7.88
39.25,71.87,70.16132,7.58
29.00,94.87,38.19651,7.88
27.32,80.33,30.45322,7.88
38.62,79.29,73.75873,7.58
28.56,43.78,27.91046,7.88
28.68,45.24,28.51873,7.58
30.69,74.04,38.14991,7.88
31.20,45.44,32.20830,7.88
35.16,40.01,37.55040,7.88
34.33,73.71,50.17255,7.88
27.67,60.36,29.08902,7.88
34.86,64.87,46.79095,7.88
29.70,57.00,31.59704,7.58
29.33,57.01,30.93450,7.58
34.52,86.61,58.34616,7.88
26.95,41.80,27.63369,7.88
30.42,54.85,32.57471,7.58
30.44,42.03,30.15602,7.88
28.72,78.17,33.48457,7.58
31.97,83.72,46.05056,7.88
33.27,76.27,47.80701,7.88
27.66,64.73,29.58043,7.88
33.94,88.00,56.18346,7.58
28.77,92.30,36.38249,7.88
27.49,59.44,28.90363,7.58
35.48,87.67,64.62266,7.88
39.99,55.91,58.59804,7.88
34.03,40.88,35.63397,7.88
36.35,58.23,48.27977,7.58
