Temp,Hum,Output,Time_us
36.64,80.46,63.88418,32.96
28.39,64.68,30.35675,67.67
33.08,46.85,35.35020,42.58
30.58,45.07,31.07010,37.92
36.04,43.35,40.70032,28.00
28.27,47.84,28.21670,25.67
32.36,53.55,36.42022,23.92
30.45,53.10,32.49680,24.79
36.82,97.34,81.36124,26.25
34.36,78.82,53.18394,25.67
34.36,41.26,36.42022,24.50
29.24,49.85,30.35675,24.21
35.88,93.82,71.37435,24.50
36.88,51.93,46.05044,24.79
29.73,55.12,31.42677,23.92
34.38,53.20,41.05699,25.96
31.10,82.73,42.12702,23.33
39.94,88.82,92.41817,23.92
37.18,64.67,55.32398,24.79
39.24,82.48,81.00457,25.08
31.10,55.73,34.28017,23.04
29.64,67.92,34.28017,23.33
29.28,92.26,38.91694,24.21
26.94,91.30,31.42677,24.79
29.20,82.34,35.35020,24.21
32.41,80.21,46.40711,24.21
30.49,53.85,32.49680,24.50
38.17,68.45,61.38745,24.79
31.42,96.74,49.26051,23.92
27.40,44.59,27.50335,26.54
27.11,67.34,28.93005,25.38
33.24,47.26,35.70687,24.50
36.42,45.78,42.48369,25.38
27.82,78.38,31.07010,23.33
26.85,47.54,27.86002,23.04
36.19,49.03,42.84037,23.33
27.29,42.70,27.86002,24.50
30.12,91.63,42.48369,24.50
39.11,63.86,61.38745,22.75
27.67,54.62,28.57337,24.21
36.90,71.89,58.53406,22.46
38.91,93.80,91.34814,23.33
31.35,55.37,34.63684,24.21
39.49,74.93,74.58443,22.17
32.60,45.34,34.28017,23.33
32.91,73.84,45.69376,23.33
38.85,98.53,95.62823,24.50
31.22,86.78,44.62374,24.50
29.10,47.05,29.64340,25.38
34.30,92.48,62.10081,24.21
28.73,57.83,30.35675,23.33
30.07,89.67,40.70032,25.38
30.16,84.85,39.27362,23.33
36.73,99.51,83.14462,22.75
33.51,84.22,52.11391,24.21
32.32,95.09,53.18394,22.46
31.18,62.13,36.06355,22.46
36.38,69.50,55.32398,22.17
31.81,53.39,34.99352,23.33
34.91,63.75,46.76379,24.50
27.47,61.48,28.93005,23.92
36.69,90.88,73.87108,24.21
34.34,70.01,48.19049,23.92
37.23,67.73,57.10736,21.88
31.13,77.35,39.98697,23.63
37.20,75.34,62.45748,23.33
27.04,83.70,30.35675,23.33
34.15,84.38,54.96731,22.75
38.71,40.78,45.33709,21.88
39.01,84.85,82.43127,24.21
31.28,77.92,40.70032,24.79
27.22,57.50,27.86002,24.79
39.75,62.57,63.17083,23.63
26.82,57.62,27.50335,21.88
32.69,99.73,58.17738,23.04
38.87,71.02,67.45093,24.50
33.11,82.94,50.33054,23.63
32.48,57.08,37.49025,25.67
29.55,93.83,40.34364,21.88
35.25,41.48,38.20359,23.33
38.30,57.54,54.25396,22.75
30.47,59.62,33.56682,25.08
37.11,79.33,65.31087,23.33
36.57,53.71,46.76379,25.08
30.93,90.54,45.33709,23.63
37.24,68.00,57.82071,23.63
39.23,89.09,88.13806,23.63
32.10,85.65,47.47714,22.46
29.33,40.24,28.57337,24.21
30.84,83.59,41.77034,23.63
38.54,53.42,51.75724,24.79
37.51,42.29,43.91039,22.46
33.12,41.49,34.28017,23.63
33.99,69.98,46.40711,25.38
38.01,62.94,57.10736,24.50
34.26,88.56,58.89073,24.21
33.77,98.75,63.52750,23.04
30.48,61.97,34.99352,24.21
33.33,86.98,53.54061,23.04
34.25,62.36,43.55371,23.92
32.59,70.50,42.12702,25.96
30.88,79.37,39.63029,58.33
37.98,79.09,70.30432,49.00
34.71,57.62,42.84037,42.00
37.38,71.55,59.96075,32.38
27.48,64.34,28.93005,28.88
33.53,90.33,55.68066,26.83
36.37,84.44,66.38091,27.71
33.42,59.06,40.34364,25.96
32.09,74.52,42.48369,25.67
37.93,82.25,73.15772,24.21
36.19,91.15,70.66100,25.38
31.88,95.57,51.04388,27.42
28.90,97.22,38.91694,89.54
27.37,70.97,29.28672,30.92
33.21,64.64,41.77034,26.83
38.74,92.76,89.20809,25.96
36.90,64.74,54.25396,25.96
29.23,42.46,28.93005,22.75
30.47,56.15,32.85347,26.83
39.42,78.61,77.79449,23.92
32.48,47.18,34.63684,24.79
32.43,47.80,34.99352,23.92
39.32,70.37,68.87762,25.38
27.79,62.52,29.64340,23.33
29.18,41.78,28.57337,23.63
28.73,63.50,30.71342,24.21
35.01,81.35,57.10736,22.46
32.60,79.98,47.12046,25.08
32.97,55.43,38.56027,22.17
37.76,88.46,78.15117,25.08
28.15,50.60,28.57337,23.92
37.22,99.96,85.64134,23.04
33.79,47.89,37.13357,23.04
27.37,64.31,28.93005,25.08
29.56,65.67,33.56682,23.04
27.89,55.24,28.93005,23.63
34.52,49.99,39.63029,22.17
37.20,96.66,83.14462,23.33
39.50,72.03,71.73103,24.79
37.98,64.92,58.17738,25.38
28.73,51.99,30.00007,22.75
34.17,76.11,50.68721,23.33
29.23,64.03,32.14012,24.79
34.41,56.54,41.77034,24.50
32.81,84.11,49.61719,23.33
37.51,40.36,43.19704,24.21
27.50,98.73,33.92350,22.46
37.46,99.11,87.78139,25.08
28.60,44.94,28.21670,24.21
36.80,72.81,58.17738,23.04
31.68,75.97,41.77034,46.38
27.94,67.13,30.00007,34.42
30.62,63.48,35.35020,30.04
28.76,78.07,33.56682,26.25
30.38,70.48,36.42022,25.67
34.46,55.10,41.41367,25.08
29.84,86.99,39.27362,23.92
33.36,66.91,43.19704,26.54
35.81,79.17,58.53406,23.04
29.64,58.39,31.78345,25.08
36.38,41.73,41.05699,22.75
33.26,41.98,34.63684,22.75
39.99,62.96,64.59753,24.21
32.60,74.50,44.26707,23.04
36.74,83.38,67.09425,25.96
37.18,77.01,63.88418,22.46
37.99,96.08,88.13806,24.50
39.14,94.75,93.13151,23.33
32.76,71.05,43.19704,22.17
39.05,45.97,49.26051,22.75
33.50,66.22,43.19704,24.21
32.69,58.46,38.56027,24.79
37.89,84.33,74.58443,23.04
34.60,61.96,44.62374,22.75
34.94,97.16,68.87762,23.33
34.15,75.03,49.97386,24.50
39.34,62.53,61.38745,24.50
29.08,86.64,36.06355,24.79
33.64,64.19,42.12702,23.63
39.20,86.30,84.21465,23.92
35.31,64.69,48.54716,22.46
26.77,59.76,27.50335,25.96
31.81,53.96,35.35020,24.50
31.78,40.89,32.14012,23.63
29.93,72.99,35.70687,23.92
39.89,72.66,73.51440,23.63
31.80,98.04,51.75724,23.33
31.33,55.00,34.63684,23.92
38.86,42.25,46.40711,24.50
36.47,65.98,53.89729,23.04
30.65,40.72,30.35675,22.75
37.45,97.60,85.28467,23.92
36.39,46.61,42.48369,22.75
29.15,47.20,29.64340,22.46
38.76,80.27,76.01112,23.63
30.51,52.21,32.49680,21.88
28.30,51.85,28.93005,22.46
38.83,58.22,56.75068,24.21
34.76,44.69,38.20359,23.33
34.47,85.22,57.10736,24.79
27.26,57.60,28.21670,63.00
27.31,78.52,30.35675,39.67
29.45,64.52,32.85347,33.54
34.98,88.03,62.10081,26.83
35.51,58.53,46.05044,25.96
38.30,70.21,63.88418,27.71
28.60,82.97,34.28017,25.67
26.88,55.56,27.86002,24.21
32.28,57.52,37.49025,23.33
28.42,76.12,32.49680,23.92
27.33,87.65,31.42677,23.04
37.94,68.91,60.67411,24.50
31.17,59.31,35.35020,23.92
28.51,73.61,31.78345,25.67
28.37,71.77,31.42677,24.79
32.38,92.58,51.75724,23.33
28.53,47.33,28.93005,23.92
28.51,72.97,32.14012,23.63
34.63,86.62,59.24741,25.96
28.80,88.46,35.70687,23.04
38.09,49.56,48.54716,23.63
29.88,67.69,34.63684,23.92
33.84,85.83,54.61063,23.33
32.02,62.08,38.20359,24.79
29.40,92.02,38.91694,24.50
28.17,51.57,28.93005,22.17
35.03,75.35,53.54061,25.38
28.38,68.70,31.07010,23.33
27.85,73.62,30.71342,23.92
35.47,85.04,62.45748,23.04
34.24,92.90,61.38745,22.17
30.48,85.98,41.05699,23.63
32.84,52.34,37.13357,24.21
37.30,45.23,44.26707,23.63
32.65,72.11,43.55371,24.21
30.92,98.70,47.47714,24.50
32.22,50.86,34.99352,23.63
29.71,41.39,29.64340,24.21
39.64,46.59,51.75724,23.63
37.29,63.08,54.96731,24.79
27.50,44.13,27.86002,21.58
39.22,68.03,66.38091,22.75
29.46,49.12,30.35675,24.21
36.36,83.74,65.31087,23.92
33.28,49.17,36.42022,25.38
37.45,48.07,45.69376,23.33
29.06,65.31,31.78345,24.50
31.78,64.58,38.91694,22.46
29.35,72.09,33.92350,23.33
27.25,54.86,27.86002,23.33
30.41,91.13,43.19704,21.88
35.03,41.37,37.84692,23.33
31.20,50.12,33.56682,23.92
29.88,91.03,40.34364,24.79
26.73,71.47,28.93005,24.21
30.39,76.16,37.13357,24.79
36.07,99.54,78.50784,21.88
30.00,69.18,34.99352,24.50
29.30,94.95,39.63029,25.67
30.54,86.75,42.12702,23.33
27.68,97.17,34.63684,25.08
33.48,93.01,57.46403,22.75
37.54,42.27,43.91039,24.21
33.35,44.36,35.70687,23.92
28.43,53.35,30.00007,23.92
35.00,74.46,53.18394,22.75
28.36,49.30,28.93005,25.38
30.60,48.91,32.14012,23.92
34.87,86.84,60.67411,23.33
33.53,64.45,42.12702,25.08
36.84,48.88,44.26707,22.75
39.00,41.56,46.76379,25.08
28.98,87.63,35.70687,23.33
30.00,42.02,30.00007,21.29
28.47,64.72,30.71342,25.08
38.68,43.79,46.76379,24.21
27.02,89.73,31.07010,23.04
35.89,87.34,66.38091,23.33
33.53,52.12,38.56027,24.50
34.42,95.87,64.95420,25.67
27.13,60.23,28.21670,22.75
39.81,74.75,75.65445,25.08
31.57,50.06,33.92350,23.92
29.13,51.57,30.00007,22.46
30.99,82.27,41.77034,23.04
39.49,66.36,65.66756,25.67
32.82,97.19,57.10736,22.46
34.83,56.07,42.48369,23.33
28.20,70.36,30.71342,23.04
33.88,65.95,44.26707,23.92
35.16,40.03,37.84692,24.21
32.69,56.97,38.20359,22.46
28.79,46.80,29.28672,23.33
32.06,53.52,35.70687,22.46
39.40,94.30,95.27156,23.63
31.10,63.10,36.42022,24.21
38.19,65.21,59.24741,26.25
39.31,69.02,67.45093,23.33
28.30,44.04,27.86002,23.04
33.06,53.54,37.84692,23.63
32.52,43.25,33.56682,59.50
36.61,86.67,69.94765,49.58
28.88,41.07,27.86002,48.71
28.33,43.19,27.86002,37.63
36.59,64.28,53.18394,30.63
32.94,81.37,48.90384,28.58
33.02,63.92,41.05699,24.21
30.06,53.91,31.78345,24.79
31.92,46.27,33.56682,26.83
35.43,97.28,72.08770,23.63
33.27,68.45,43.19704,25.96
34.25,99.21,66.38091,169.46
31.06,87.74,44.26707,46.08
27.16,92.41,31.78345,32.08
32.14,80.73,45.69376,27.13
33.60,56.61,40.34364,28.88
32.82,96.88,57.10736,27.13
30.40,98.28,45.33709,22.46
33.90,46.10,36.77689,24.21
34.58,99.56,68.87762,23.92
39.15,78.62,76.01112,24.50
38.47,55.76,53.18394,25.38
30.41,61.15,34.28017,21.58
28.32,94.44,35.35020,23.33
31.17,69.98,38.56027,24.79
36.00,51.04,43.55371,24.79
38.64,95.56,91.34814,24.21
27.36,90.31,31.78345,22.46
30.60,70.41,36.77689,24.79
36.63,92.34,74.58443,21.88
38.20,59.42,54.96731,25.38
38.09,65.52,59.24741,23.33
27.13,93.83,32.49680,24.21
37.59,79.81,68.52095,22.46
27.09,47.32,27.50335,24.21
34.16,55.55,41.05699,24.79
34.08,82.89,54.25396,23.33
38.45,41.59,45.33709,23.92
28.83,88.95,35.70687,22.75
29.43,81.16,35.70687,25.67
31.37,66.80,38.20359,25.96
32.04,40.48,32.49680,25.38
33.77,56.68,40.34364,23.92
33.79,58.43,41.05699,24.21
33.48,82.45,51.40056,23.92
32.99,94.16,56.03733,22.46
26.95,49.38,27.86002,23.63
38.41,89.93,83.85796,24.79
32.87,47.00,35.35020,24.79
37.21,48.04,44.98042,25.08
34.95,86.42,60.67411,24.21
39.27,73.65,72.08770,23.92
32.57,91.50,52.11391,24.79
36.07,42.90,40.70032,24.79
28.78,54.52,30.00007,23.04
31.57,62.80,37.49025,23.63
34.33,76.28,51.40056,22.46
31.73,58.39,36.42022,23.92
33.52,49.53,36.77689,22.46
28.83,79.14,33.92350,24.50
28.74,59.18,30.35675,24.79
27.54,82.22,30.71342,22.46
33.87,66.33,44.26707,23.33
37.43,94.43,82.43127,22.75
39.51,77.70,77.08115,24.21
32.74,80.89,47.83381,23.63
36.87,95.51,79.22120,22.75
32.47,81.94,47.47714,23.63
30.46,93.22,44.26707,24.21
39.52,52.51,54.61063,22.46
32.19,55.09,36.42022,25.08
31.23,80.05,41.77034,23.33
36.62,94.19,76.72447,23.04
30.29,90.54,42.48369,23.33
37.87,79.01,69.59097,24.21
35.24,89.19,63.88418,24.79
34.48,74.06,50.68721,22.75
34.32,45.38,37.49025,22.75
33.98,87.82,56.39401,23.04
31.53,62.49,37.49025,23.92
27.59,85.20,31.78345,25.96
29.02,41.49,28.57337,24.21
39.72,71.79,72.08770,22.75
32.93,54.28,37.84692,23.04
32.37,56.15,37.49025,23.92
34.47,71.77,49.26051,25.08
39.28,77.92,76.36780,23.63
38.63,57.04,54.96731,25.67
33.77,84.09,53.18394,22.46
27.16,83.07,30.35675,23.92
35.84,96.16,73.15772,24.21
39.82,76.75,77.79449,21.88
31.94,76.06,42.48369,23.92
35.54,83.52,61.03078,23.63
39.94,70.56,71.37435,23.63
31.52,58.56,36.06355,23.04
26.77,90.47,30.71342,24.79
27.90,80.89,31.78345,23.33
27.07,80.79,30.00007,25.67
28.00,73.16,31.07010,25.38
36.58,53.78,46.76379,58.63
31.07,46.96,32.14012,46.67
38.09,86.36,78.15117,30.33
33.29,59.52,40.34364,27.13
32.10,89.35,48.90384,23.04
28.78,96.65,37.84692,25.67
34.14,92.05,60.31743,23.92
28.75,51.42,30.00007,24.50
28.08,53.70,28.93005,24.79
30.91,75.95,38.91694,25.08
35.32,96.93,70.66100,24.79
38.25,62.58,57.46403,25.08
38.47,48.16,48.90384,24.50
36.91,64.17,53.89729,23.33
30.00,69.16,34.99352,23.63
29.77,82.57,37.13357,23.04
29.92,78.86,36.77689,25.08
39.18,44.37,48.54716,22.46
29.29,83.59,36.06355,24.21
27.19,62.83,28.57337,24.21
35.79,41.94,39.98697,25.38
37.44,87.59,75.29778,23.63
33.22,55.77,39.27362,22.17
32.12,66.43,39.63029,23.33
26.99,69.98,29.28672,23.63
33.96,86.50,55.32398,22.46
32.46,80.68,46.76379,23.04
34.81,76.41,53.54061,24.50
33.37,43.31,34.99352,23.63
33.98,50.66,38.56027,22.75
37.58,78.69,68.16428,25.96
37.65,94.24,83.50129,22.17
36.43,41.76,41.05699,25.08
35.26,99.47,72.80105,24.21
33.79,97.61,62.45748,23.33
35.46,85.72,62.45748,23.33
33.73,62.78,42.12702,23.63
29.81,88.19,39.27362,24.21
36.90,62.69,53.18394,23.33
35.13,81.78,57.46403,25.08
31.50,91.86,48.19049,24.50
26.90,55.81,27.50335,24.50
36.16,62.13,50.33054,23.33
38.30,59.30,55.32398,23.33
37.45,85.85,73.51440,22.75
30.61,90.70,43.55371,24.21
34.89,76.53,53.54061,23.92
27.82,82.69,32.14012,24.79
36.34,97.10,77.43782,24.79
26.78,78.90,29.64340,23.63
27.56,50.25,27.50335,24.21
35.49,87.44,64.24085,24.79
28.95,96.00,38.91694,23.04
35.29,92.53,67.09425,23.63
34.27,49.83,38.56027,47.25
33.69,69.32,45.33709,29.17
37.73,97.12,87.06804,26.54
37.30,54.84,49.61719,30.04
29.76,77.19,36.42022,25.67
39.14,73.45,71.01767,24.50
30.82,97.68,47.12046,23.33
28.38,67.53,30.71342,23.33
27.73,99.89,34.63684,25.67
35.68,40.81,38.91694,23.63
31.83,47.01,33.56682,23.04
29.71,84.13,37.13357,24.79
31.56,87.99,46.40711,25.67
28.35,70.93,31.07010,23.33
28.43,54.64,29.64340,24.21
36.35,57.07,48.19049,22.75
29.71,84.54,37.49025,23.63
32.97,91.15,53.89729,24.21
37.17,40.83,42.48369,24.50
30.14,76.09,36.77689,23.63
26.86,76.23,29.28672,23.33
36.44,71.14,56.03733,23.33
28.58,70.90,31.78345,22.75
37.48,56.70,51.40056,23.63
33.13,92.95,55.68066,23.92
32.11,42.36,33.21015,23.63
37.95,49.51,47.83381,24.79
28.62,44.46,28.21670,24.21
26.72,57.43,27.50335,25.67
33.53,42.45,35.35020,25.38
28.16,68.96,30.71342,23.63
36.74,55.62,48.54716,25.08
38.96,61.84,59.60408,22.75
35.32,76.58,54.96731,23.63
27.70,94.63,33.56682,23.04
38.14,62.24,56.75068,23.92
27.00,40.67,27.86002,23.33
27.93,56.08,29.28672,32.08
37.56,67.47,58.53406,27.13
29.44,51.02,30.35675,23.63
27.57,46.61,27.50335,23.63
31.54,61.48,36.77689,24.79
26.84,83.79,30.00007,24.21
26.92,95.91,32.14012,23.33
31.31,57.51,34.99352,25.38
33.22,77.94,48.90384,22.46
37.46,65.14,56.39401,63.58
38.29,84.37,76.72447,150.79
36.32,72.74,57.10736,44.04
32.20,54.90,36.42022,33.25
36.33,70.13,55.32398,30.92
31.96,84.47,46.40711,28.29
36.46,91.76,73.51440,24.21
27.94,87.21,32.49680,25.96
38.11,60.58,55.68066,24.79
32.43,49.37,34.99352,23.92
35.30,71.23,51.75724,24.21
32.23,71.08,41.41367,24.21
31.60,99.69,51.04388,23.33
29.80,80.67,37.13357,23.63
32.44,88.60,50.33054,23.33
27.62,64.93,29.28672,24.21
39.44,90.35,90.99146,25.08
34.60,70.20,49.26051,22.75
29.58,64.86,33.56682,22.75
33.09,59.79,39.98697,24.50
28.54,69.45,31.42677,24.21
28.91,77.32,33.92350,23.92
36.51,94.55,76.36780,25.08
27.29,66.05,28.93005,23.92
28.42,68.09,30.71342,24.50
39.97,85.03,87.78139,22.46
34.82,86.39,59.96075,23.63
29.15,82.38,35.35020,24.50
28.23,82.79,32.85347,23.33
34.69,84.37,57.10736,23.04
32.77,42.94,34.28017,21.58
38.56,59.45,56.75068,23.04
35.89,90.34,68.87762,25.38
30.13,82.56,38.20359,24.50
33.89,47.85,37.13357,24.50
32.86,55.99,38.20359,23.33
36.25,84.42,65.66756,23.63
39.72,40.47,48.19049,23.33
27.61,85.25,31.78345,24.79
34.73,74.29,51.75724,22.75
35.80,79.31,58.89073,23.04
34.23,57.80,42.12702,24.21
38.80,45.00,47.47714,23.63
28.62,87.07,34.63684,24.50
37.35,80.44,68.52095,22.46
35.08,62.19,46.40711,25.08
38.39,55.11,52.47058,23.92
29.01,93.63,37.84692,21.29
39.38,72.19,70.66100,22.46
28.53,44.48,28.21670,23.92
28.73,65.43,31.07010,25.67
28.62,95.70,37.13357,25.08
31.38,77.37,40.70032,24.50
39.28,98.40,98.48164,24.21
34.89,70.64,50.33054,24.21
27.32,59.06,28.57337,22.75
29.76,51.92,31.07010,23.33
32.35,85.52,48.54716,23.63
38.79,79.72,74.94110,24.21
36.36,61.45,50.68721,22.75
37.34,43.91,43.91039,25.96
32.40,40.00,32.85347,23.63
27.45,75.42,30.35675,23.63
31.36,94.33,48.19049,22.75
33.45,62.34,41.41367,22.75
30.38,92.41,43.19704,23.63
29.00,70.68,32.85347,24.21
28.23,54.44,29.64340,23.92
31.20,91.37,46.40711,24.50
31.63,46.89,33.21015,22.46
29.24,61.98,32.14012,23.33
39.70,51.57,55.32398,23.04
29.41,60.61,31.78345,24.79
39.81,50.31,54.61063,22.17
31.54,41.74,31.78345,23.04
27.89,46.68,27.86002,23.92
38.37,85.11,78.15117,23.92
28.30,89.98,34.99352,24.79
37.37,63.37,55.68066,23.92
30.74,46.24,31.42677,22.75
38.64,74.16,69.23430,22.46
31.21,61.34,36.06355,23.04
26.94,42.69,27.86002,25.08
36.95,78.78,63.88418,23.04
39.97,68.07,69.59097,24.50
35.57,53.10,43.19704,26.25
34.05,53.87,39.98697,23.33
32.57,51.93,36.42022,23.33
27.21,40.34,27.86002,23.04
32.63,73.73,44.26707,23.92
30.68,74.12,38.20359,23.92
39.86,84.95,87.06804,24.21
30.57,67.96,36.77689,22.75
34.22,54.63,40.70032,23.33
29.63,91.22,39.63029,23.33
28.99,85.62,35.70687,23.92
34.62,50.94,39.98697,23.04
28.00,41.99,27.86002,23.33
36.18,49.96,42.84037,23.92
37.96,67.64,59.96075,25.08
31.52,62.89,37.13357,59.21
32.83,66.84,41.41367,38.79
34.27,95.38,63.88418,29.75
33.72,73.41,47.83381,30.63
28.68,94.67,36.77689,27.42
34.70,82.32,56.75068,27.42
36.36,76.19,58.89073,47.54
37.20,78.11,64.95420,32.96
27.98,95.32,34.63684,28.88
37.01,67.08,56.39401,26.54
26.78,78.72,29.28672,23.63
30.94,96.51,47.12046,24.50
27.06,80.82,30.00007,24.50
34.69,62.19,45.33709,23.63
29.60,66.74,33.92350,23.04
28.13,66.39,30.35675,23.04
35.33,42.76,38.91694,23.92
37.40,55.03,49.97386,23.33
33.99,41.18,35.70687,24.79
28.33,96.56,35.70687,23.92
38.04,91.19,82.43127,22.46
26.94,91.12,31.42677,24.79
36.69,60.67,51.40056,24.79
28.79,82.31,34.28017,25.08
34.41,43.27,37.13357,24.21
28.62,57.82,30.00007,23.33
34.36,43.88,36.77689,25.96
28.92,45.51,29.28672,23.33
29.78,57.67,31.78345,23.63
31.76,61.90,37.49025,23.04
36.44,82.97,64.95420,23.63
28.64,98.43,38.20359,23.33
38.27,91.99,85.28467,23.04
33.34,63.67,41.77034,25.08
33.16,72.98,45.69376,23.33
28.23,53.17,28.93005,23.92
35.99,45.29,41.41367,22.46
37.24,98.00,84.92799,23.92
28.43,62.32,30.00007,22.75
27.36,83.64,30.71342,23.33
27.83,99.43,34.99352,22.46
31.04,41.09,31.42677,23.92
36.27,70.91,55.32398,24.79
30.60,64.84,35.70687,23.92
27.00,58.96,27.86002,23.92
34.83,93.71,65.66756,24.50
31.54,93.11,48.19049,23.33
30.60,96.01,45.33709,23.33
37.11,79.95,66.02423,25.08
37.39,53.92,48.90384,24.79
37.29,46.66,44.62374,23.33
29.94,55.11,31.78345,22.75
30.18,44.36,30.71342,25.08
27.90,40.96,27.86002,24.50
31.64,55.15,35.35020,24.79
28.79,98.35,38.56027,23.63
38.42,65.09,59.60408,23.33
35.13,83.07,58.89073,24.21
26.89,98.23,32.14012,24.50
30.43,82.11,39.27362,24.21
32.81,98.28,57.82071,24.79
39.84,61.39,62.10081,23.92
34.55,50.40,39.63029,23.92
29.66,54.02,31.07010,23.63
34.51,97.07,66.02423,25.96
27.52,92.28,32.49680,22.46
28.94,79.00,34.28017,24.21
33.79,57.11,40.70032,23.33
32.32,61.66,38.91694,25.08
31.04,58.89,34.63684,22.46
32.26,97.85,54.25396,23.33
29.98,58.80,32.49680,24.21
27.24,61.50,28.57337,23.04
35.37,97.11,71.37435,23.63
28.81,86.61,34.99352,24.50
31.53,41.23,31.78345,23.33
27.72,56.44,28.93005,132.13
33.44,67.44,43.55371,35.00
39.43,61.63,61.03078,28.00
31.61,55.11,35.35020,28.29
27.54,87.94,32.14012,26.54
32.90,51.93,37.13357,25.38
28.71,84.73,34.63684,24.79
35.03,84.98,59.96075,29.17
32.38,70.68,41.77034,26.83
35.50,74.89,55.32398,27.71
30.13,49.45,31.42677,27.42
27.49,41.35,27.86002,28.88
27.73,50.81,27.86002,27.71
30.21,82.34,38.56027,26.25
38.22,78.31,71.01767,26.83
32.14,72.40,41.41367,26.25
37.04,41.52,42.84037,26.83
39.56,89.47,90.27811,25.67
29.51,70.91,34.28017,25.96
33.88,79.80,51.75724,27.71
38.64,89.66,84.92799,25.96
28.70,96.72,37.84692,25.96
30.11,97.86,44.26707,25.67
32.53,50.80,35.70687,26.25
36.16,65.15,51.75724,61.25
32.73,93.39,53.89729,169.75
36.15,63.52,50.68721,45.21
36.32,44.00,41.77034,53.08
39.65,99.31,101.69171,31.21
35.30,69.83,51.75724,30.33
30.97,89.86,44.62374,31.50
38.85,52.33,52.47058,27.13
37.61,52.75,48.54716,28.58
26.99,74.26,29.28672,27.42
27.98,50.37,28.21670,26.83
36.38,69.74,55.32398,28.29
31.95,74.92,41.77034,25.08
38.82,62.18,59.24741,26.54
31.04,64.17,36.42022,26.83
32.22,47.67,34.28017,28.88
32.40,87.90,49.97386,25.38
29.95,67.71,34.63684,27.71
35.51,68.46,51.75724,27.13
30.19,82.82,38.20359,25.96
28.06,67.91,30.35675,26.25
39.34,73.65,72.08770,25.38
39.88,70.26,71.01767,25.96
33.52,88.60,54.25396,25.96
36.02,86.29,66.38091,26.25
30.49,56.30,33.21015,25.08
36.73,74.72,58.89073,26.83
39.39,67.61,66.73758,26.54
31.95,53.58,35.35020,27.71
28.09,43.80,27.86002,25.38
29.39,78.09,35.35020,27.13
28.10,84.45,32.85347,26.25
29.49,82.20,36.06355,26.83
37.87,76.08,66.73758,27.71
31.52,80.59,42.84037,27.71
35.64,92.71,69.23430,25.08
30.50,63.91,34.99352,28.00
27.71,48.46,27.86002,28.00
38.30,69.72,63.88418,28.29
39.51,83.73,83.85796,26.25
35.12,99.92,72.44437,25.96
31.60,73.87,40.34364,26.25
29.47,66.95,33.92350,26.25
33.43,42.85,35.35020,27.71
34.53,41.96,36.77689,26.54
39.10,68.19,65.66756,26.54
39.95,71.10,72.80105,26.54
33.00,93.22,55.68066,26.54
35.86,62.44,48.90384,27.71
35.34,45.63,39.63029,25.38
34.44,94.35,63.52750,25.96
32.44,48.60,34.99352,26.25
33.65,95.34,60.67411,27.42
33.36,64.13,42.12702,24.50
31.85,66.24,39.27362,28.29
29.31,47.51,30.00007,27.13
34.22,41.98,36.42022,26.54
26.99,82.76,30.35675,48.71
32.31,48.51,34.63684,43.46
37.18,88.40,74.22775,32.08
34.31,83.39,54.96731,30.63
33.38,84.91,52.11391,29.75
36.82,82.01,66.73758,27.13
38.27,88.45,80.64790,28.00
35.93,68.53,52.82726,25.67
38.37,81.72,74.94110,27.42
29.20,95.20,39.27362,25.38
28.83,95.75,37.84692,27.13
32.97,49.72,36.42022,27.42
28.39,76.11,32.49680,25.96
36.76,87.17,70.66100,26.83
38.18,41.94,44.98042,25.08
37.31,83.93,71.01767,27.13
28.75,69.13,32.14012,28.00
33.32,67.08,42.84037,26.25
33.52,90.24,55.68066,29.17
32.15,45.55,33.56682,27.71
36.84,58.59,50.68721,27.13
31.23,61.28,36.06355,27.71
30.01,72.10,35.70687,31.21
28.21,72.40,31.07010,27.13
33.05,41.50,34.28017,27.13
28.30,54.27,29.64340,27.42
28.17,64.41,30.00007,26.25
39.50,50.26,53.54061,25.67
32.40,65.23,39.98697,26.54
36.66,51.32,44.98042,25.96
30.57,97.94,46.40711,24.79
27.51,66.10,29.28672,26.54
28.35,45.64,27.86002,24.79
31.57,40.90,31.78345,25.96
32.84,83.41,49.26051,27.42
37.65,82.39,71.73103,29.75
39.45,91.63,92.06149,28.00
34.05,64.00,43.55371,27.42
33.91,45.07,36.42022,26.25
34.22,96.63,64.59753,26.25
29.40,92.69,39.27362,27.13
31.84,84.68,46.05044,27.42
38.97,85.93,83.14462,26.54
37.85,98.38,88.85141,58.92
35.76,73.29,54.96731,61.25
27.67,52.25,27.86002,36.46
31.40,94.90,48.90384,30.33
27.16,54.43,27.86002,31.21
38.26,92.11,85.28467,26.83
31.39,54.25,34.28017,27.71
34.16,54.82,40.70032,25.67
34.48,80.28,54.61063,27.71
34.00,51.78,39.27362,26.83
35.80,57.98,46.76379,25.67
34.84,66.96,48.54716,27.71
35.01,53.22,42.12702,29.17
38.24,62.05,57.46403,26.54
33.02,75.62,46.76379,26.83
30.67,60.68,34.63684,26.25
31.14,52.68,33.56682,27.13
30.90,40.76,31.07010,25.38
34.78,45.40,38.56027,27.13
33.90,84.90,54.61063,26.54
26.91,56.51,27.50335,26.83
34.83,68.55,48.54716,26.83
27.88,54.12,28.57337,26.83
35.13,73.34,52.47058,25.96
32.64,58.68,38.56027,26.25
33.72,80.17,51.40056,29.17
38.67,62.52,58.89073,26.25
37.64,88.76,77.43782,26.54
35.63,41.65,38.91694,27.13
27.42,72.07,30.00007,28.29
34.91,82.79,57.46403,25.38
32.27,42.06,32.85347,27.13
37.29,51.15,46.76379,26.54
27.37,88.64,31.78345,25.08
29.75,76.82,36.06355,27.42
27.99,85.78,32.85347,25.67
31.08,87.66,44.26707,27.13
31.91,63.75,38.56027,26.25
38.80,91.24,87.06804,25.38
35.43,68.25,51.75724,26.25
35.28,50.11,41.05699,26.25
38.62,66.72,61.74413,26.83
33.34,52.94,38.20359,25.67
37.92,55.60,52.11391,27.71
32.47,52.80,36.42022,27.71
31.91,94.26,50.68721,34.71
31.61,44.91,32.85347,27.42
39.39,92.42,92.77483,25.96
36.10,85.13,65.66756,23.63
34.53,45.43,37.84692,25.96
31.00,59.74,35.35020,25.08
38.54,82.69,77.08115,24.21
37.58,74.80,63.88418,23.63
30.71,44.89,31.42677,25.96
36.32,66.41,53.54061,22.46
35.81,78.38,57.82071,23.63
30.90,56.91,33.92350,24.79
26.96,86.98,30.71342,24.21
34.01,57.87,41.41367,23.33
32.88,42.51,34.28017,24.21
32.51,44.62,34.28017,24.50
36.33,74.60,57.82071,24.21
28.98,89.43,36.42022,24.50
31.90,53.45,35.35020,26.54
34.81,57.95,43.19704,23.63
32.13,67.53,39.98697,24.21
33.39,87.64,53.18394,25.38
30.19,63.39,34.28017,24.21
35.39,47.18,40.34364,23.92
36.17,48.26,42.84037,23.33
30.82,70.07,37.84692,23.92
30.36,54.62,32.49680,23.33
30.27,92.96,43.19704,23.92
30.55,56.81,33.21015,22.46
33.31,61.73,41.05699,23.92
31.16,52.47,33.56682,23.33
27.74,53.27,28.57337,23.63
33.93,53.01,39.98697,23.63
33.95,52.12,39.27362,23.04
29.32,63.38,32.85347,23.63
32.77,95.16,55.68066,23.63
35.03,88.03,61.74413,23.63
35.01,66.26,48.54716,24.79
34.61,88.39,60.67411,23.92
37.65,88.52,77.43782,22.46
26.92,65.73,28.21670,23.33
36.76,52.31,46.05044,22.46
36.00,95.77,74.22775,22.75
27.97,75.35,30.71342,23.04
37.73,80.71,70.66100,25.08
28.75,62.68,30.71342,23.33
34.82,76.52,53.54061,23.33
27.45,87.00,31.42677,22.46
39.10,79.32,76.72447,22.75
31.94,87.61,47.83381,23.92
30.56,52.32,32.49680,23.33
29.06,67.47,32.14012,25.08
30.57,49.48,32.14012,22.46
27.46,71.94,30.00007,24.21
33.72,92.73,58.53406,23.33
37.73,96.76,86.35469,56.29
28.47,95.66,36.06355,42.58
33.29,90.83,54.96731,31.79
35.45,76.73,56.03733,27.13
39.09,75.24,72.44437,25.38
28.63,62.89,30.71342,24.50
37.21,59.61,52.47058,24.79
29.97,49.68,31.07010,25.67
28.17,77.31,31.78345,148.75
26.89,86.71,30.71342,61.25
33.59,84.03,52.47058,38.21
31.43,78.09,41.05699,29.75
34.72,60.07,43.91039,27.13
28.75,67.10,31.78345,28.58
36.92,42.37,42.48369,25.08
30.60,84.15,40.70032,23.92
27.41,93.40,32.49680,23.92
39.66,80.43,80.64790,26.54
39.62,65.08,64.95420,23.63
33.72,69.60,45.33709,24.50
31.46,70.13,39.27362,23.63
33.53,69.08,44.98042,23.33
36.96,52.77,46.76379,24.50
28.80,84.25,34.63684,23.04
32.15,52.25,35.70687,24.79
39.97,61.78,63.17083,25.38
28.38,42.01,27.86002,23.92
39.14,42.01,47.12046,24.21
33.91,82.00,53.18394,23.33
34.20,90.07,59.24741,24.79
34.60,79.80,54.61063,24.79
32.73,76.36,46.05044,23.63
31.47,98.59,49.97386,23.33
35.90,94.92,72.80105,22.46
30.62,98.53,46.76379,23.33
28.61,98.74,37.49025,24.50
29.25,90.36,37.84692,24.79
37.70,46.77,45.69376,24.21
26.82,87.70,30.71342,23.04
27.64,68.11,30.00007,23.63
29.35,79.31,34.99352,23.92
30.49,78.65,38.56027,23.92
34.80,85.00,58.89073,23.92
39.27,68.89,67.45093,23.92
29.52,43.28,29.64340,23.33
28.36,84.20,33.56682,23.63
29.86,91.21,40.70032,22.75
38.13,47.89,47.47714,24.21
29.20,92.34,38.20359,24.21
29.29,74.37,34.28017,25.08
29.89,66.74,34.63684,22.46
30.63,62.40,34.99352,24.50
34.59,61.01,44.26707,21.88
27.75,55.36,28.57337,23.92
29.56,41.61,28.93005,22.46
35.92,68.19,52.82726,25.08
32.28,84.49,47.47714,23.04
28.81,67.61,31.78345,23.92
37.28,89.30,76.01112,23.33
26.71,96.08,31.78345,24.50
33.73,63.59,42.84037,23.63
30.04,96.88,43.55371,25.08
38.43,41.34,44.98042,23.92
31.30,58.07,35.35020,23.63
32.93,51.00,36.42022,23.63
29.10,55.22,30.35675,22.75
31.11,91.55,46.40711,25.08
37.69,95.44,84.92799,23.04
36.88,69.24,57.10736,24.21
29.47,48.97,30.35675,23.33
39.25,71.87,69.59097,23.92
29.00,94.87,38.56027,23.92
27.32,80.33,30.35675,24.79
38.62,79.29,74.22775,24.21
28.56,43.78,28.21670,21.88
28.68,45.24,28.21670,23.33
30.69,74.04,37.84692,23.63
31.20,45.44,32.49680,23.92
35.16,40.01,37.84692,23.04
34.33,73.71,49.97386,25.08
27.67,60.36,29.28672,22.46
34.86,64.87,47.12046,21.58
29.70,57.00,31.78345,23.04
29.33,57.01,31.07010,22.46
34.52,86.61,58.17738,24.21
26.95,41.80,27.86002,23.33
30.42,54.85,32.85347,22.75
30.44,42.03,30.35675,23.63
28.72,78.17,33.21015,23.63
31.97,83.72,46.40711,23.63
33.27,76.27,47.83381,25.96
27.66,64.73,29.28672,22.75
33.94,88.00,56.39401,22.46
28.77,92.30,36.06355,23.04
27.49,59.44,28.93005,25.08
35.48,87.67,64.24085,22.75
39.99,55.91,58.53406,23.92
34.03,40.88,35.70687,25.96
36.35,58.23,48.90384,22.46
